7511 3066
1218 4153
7295 123
6049 1256
4827 4332
6995 801
2479 5148
2486 5480
222 6947
3858 3542
5527 6931
3284 5865
538 7116
108 6747
893 5516
7275 2346
6660 2360
1489 4015
2006 4293
3600 3743
7409 1426
3364 3386
2512 4792
6194 3860
1479 4580
4100 2889
307 6498
1225 4465
193 6926
704 6370
6504 1239
5717 1682
1486 4508
1482 4238
2461 3596
5242 4249
704 6191
3343 2988
4980 3741
646 4875
569 6326
2915 3980
595 6169
1969 6646
3262 6659
3628 4724
3044 3879
59 7365
6131 4639
2516 3185
7544 747
6762 3815
7190 5132
5602 3829
787 5337
2593 5469
2082 3305
3794 4142
4381 4391
2954 4008
3754 2337
460 6959
125 6892
5799 6944
2132 3516
4961 5114
6968 4621
625 6289
5347 1986
3048 3964
1507 5714
925 6755
751 4166
6652 1660
3536 5878
570 6702
4449 5641
2835 4410
1094 6143
5737 3185
120 6949
720 4712
3371 4646
1692 5675
620 6068
1280 3629
2306 4201
2675 4083
6380 4948
3101 3531
1017 5637
3347 7110
5789 923
3725 4275
1645 4441
83 7095
7278 601
3956 4332
5174 4008
6088 5008
5512 3057
1850 6015
2470 6008
2384 6855
1655 4914
432 5359
3885 5153
4314 4891
2381 2704
304 7534
2493 5257
3188 7363
1778 7379
6948 1720
3621 5017
2980 3055
1179 6130
4125 4884
7113 1762
5242 3394
2713 6376
2029 2438
2055 3969
2122 5545
1177 4509
1117 6350
350 7378
7532 5915
425 7222
2560 3882
2212 5242
4647 3999
617 5128
2661 4316
1563 5074
5055 4053
32 7500
47 7531
2464 3473
2201 2490
230 7188
1073 4369
2102 2955
5246 7096
4055 4074
6800 1912
7330 971
2434 5227
92 6545
857 6635
408 6501
2075 3940
3126 2754
4892 6706
634 6186
1288 6903
7266 1763
1801 4088
2230 3750
69 7444
4850 3650
7337 887
4439 2254
739 6822
4393 3740
4219 4528
4226 4734
6925 1217
1141 5066
7568 2864
7 7522
2718 5055
1548 5562
7162 2035
1406 7010
6086 2015
7356 1085
5865 5740
5884 1449
1139 5464
163 6749
6668 3055
2138 4642
4282 6199
2439 4976
5715 3580
6056 3857
113 6200
254 6743
1562 5924
5751 4075
2410 4948
3154 5841
3000 4663
1227 3316
7563 61
2339 3015
5611 2546
44 7523
1165 4107
1565 6423
7401 192
6568 1522
6721 1181
6585 1081
6993 1866
2909 5882
6159 2860
2204 4061
4117 3463
5852 5815
5074 2002
4827 3835
3323 5463
7567 93
205 6670
1655 4781
2441 5418
5720 2111
4870 5979
743 5210
6227 3442
7071 2188
3088 3967
2745 4300
2904 3007
4686 5177
4711 6794
2314 5918
2566 3741
5496 4994
890 5951
5586 2048
2624 6698
1955 3161
224 6109
7523 3402
1476 5086
1164 4728
3622 5377
3021 4689
3515 4214
2819 3421
5017 4703
4305 5407
2597 3821
7359 2256
3354 3521
239 6818
7102 1708
6137 1191
1200 7478
4271 3948
354 7023
5728 3997
103 6950
3632 3733
4639 5827
6918 1793
480 6052
247 7446
2709 4855
379 7419
4518 5245
21 7517
2080 6636
244 7508
6323 4433
320 6452
1298 4729
6159 691
6141 5638
7343 1576
1515 3881
734 6470
3896 4239
3580 6827
2067 2643
2170 5978
509 7007
3442 3807
137 6783
2837 3039
652 6249
1558 6678
6775 2614
2357 6587
1121 5339
7318 1445
4089 4702
7357 283
3826 4404
2323 5477
1977 6039
5353 2933
7554 316
4912 2496
1257 5354
504 7474
1849 6022
4637 4908
7548 7202
5132 6709
7482 4903
4990 3361
5163 4854
1939 5079
7178 2291
7367 1922
7000 2887
3133 4495
2871 2762
1134 6295
7116 2279
5698 3347
7351 3878
6328 1864
7253 199
6963 1938
4028 4206
845 6245
6533 5496
5469 4339
2349 4151
2441 6971
2583 7439
29 7282
5532 6379
6478 1989
6310 2395
7288 2535
833 5329
3512 4602
2082 5614
6092 3640
5775 5295
6461 3560
4947 3370
6369 4838
2415 5634
2721 6650
2933 4542
2742 5393
6270 1495
2831 6611
4763 7417
1033 7037
69 6796
1557 5263
4604 1940
4961 3704
1538 4243
1067 6830
7361 1226
1735 2856
252 6272
7441 1296
385 6869
889 6188
3790 4171
519 7361
1388 6813
4961 2057
2457 6229
2387 3430
7128 2665
2641 5817
57 7502
5594 1749
4793 4498
7335 1394
4822 2476
484 6137
3924 4169
5244 4276
5959 4663
6466 2927
2593 4709
1703 6166
1233 5960
3347 6090
6578 1065
882 6648
1153 5725
4894 4720
2056 4679
6321 3369
2611 5859
4262 5375
1053 6211
1626 5476
4293 5923
4197 5622
619 6652
6125 6683
7553 413
6081 3725
2317 3469
6193 909
3562 5238
6246 2362
5416 2921
7235 632
3012 4284
6453 3534
10 7344
5612 4680
1802 5442
599 6220
7411 260
5291 3907
6308 5848
3860 7150
5262 1218
3933 5699
79 7250
170 7258
2425 4784
4093 2242
6211 1855
396 7313
6238 2727
3842 4920
3118 3458
7079 4293
4416 2984
741 6491
7488 1459
841 4474
6026 3942
485 6138
2071 6590
1688 6917
5473 3211
7547 2501
3262 6126
3879 3377
2247 6258
1496 6436
157 7409
2196 6544
6580 1672
2309 5187
7543 3966
4012 6402
2515 6036
4631 5342
590 5427
1163 7033
7363 4118
2406 4139
6835 1414
7029 2447
633 5248
2888 4068
1501 6405
455 6331
470 7066
182 6832
6526 1980
1732 5507
4791 5534
5124 3544
5566 2287
6312 3732
6500 5150
1131 5320
330 6578
3120 5977
1958 3645
2875 3570
3049 3565
2351 3783
3582 3605
6532 6222
4501 4901
1477 4143
1105 4858
576 7035
7314 101
4674 2125
6193 2627
3208 4003
2657 3127
6493 2858
4354 4555
6101 6264
5513 1815
787 5935
6412 4118
7266 988
1594 4885
7278 1277
575 5701
2838 3438
1801 5081
349 7268
2249 7192
3283 6158
1877 5798
1764 5063
3796 4394
5946 2280
2922 6327
5256 3986
5316 5791
6648 3582
1696 5309
753 4900
273 6492
6140 3501
523 6862
2689 5077
5694 2190
1017 6073
6508 1444
1763 5139
1339 6580
5066 1928
5040 3527
1021 5881
890 6540
1558 3424
4346 5384
1010 6929
336 6816
5754 4560
7069 3015
5803 2815
1993 6281
5210 2958
4789 3825
721 5478
3118 3766
1875 5165
7320 1831
5518 1667
5185 4330
7498 3376
1408 5812
7530 2027
5215 2877
6544 2697
2444 3092
6933 1398
3794 5822
2185 6626
3127 5508
5256 2988
1770 5026
1886 6411
1758 5519
5781 817
5500 6014
6224 1835
1143 5946
1943 4314
3637 3248
897 6625
4959 4373
847 7266
7573 69
5149 4379
5120 3378
1208 5783
6116 1784
2310 4193
5232 2347
3747 4731
155 7164
5096 5148
7181 3118
4662 4329
722 6784
3869 5132
5473 6461
2010 6941
6006 915
1512 5917
1788 5603
1960 6770
2301 4028
7534 1199
1767 6075
7540 40
7074 3089
1597 5677
6324 3727
1639 5176
5360 4582
2220 3186
126 7146
4674 2397
2299 3957
3213 6717
959 5609
2021 3575
4692 4603
1502 5208
2660 6204
6583 746
2102 4845
3917 4379
2142 5741
4320 3093
5427 3084
5993 1080
1744 6444
3839 2999
5585 2440
3498 5787
2950 4345
4753 2794
2062 4138
2663 5792
2093 3431
2194 3813
1850 6976
885 4039
2571 3336
1350 5232
524 3996
7471 468
4450 5538
9 7540
7037 1451
5988 3416
2492 3519
2498 2651
6596 4415
6086 4829
1133 4367
5100 5219
504 5264
2418 5422
812 5057
6739 601
4761 3485
3362 5461
4923 1869
546 6006
3008 3682
4920 3636
887 4917
5452 4897
5383 5017
864 6131
513 7292
4787 4633
6834 600
3270 4804
2169 4894
3553 7403
2715 6192
7174 2458
1472 6932
3784 4738
3811 3487
7505 1590
2278 5809
2921 5528
1998 2133
3908 4949
169 7541
3581 3434
2224 7214
3381 3980
5158 4838
5584 5870
5993 628
134 7309
1324 6287
2162 6417
215 6881
3876 3982
2110 6651
296 6660
4891 4989
2197 3818
6054 3862
5595 2108
6975 3163
3821 3432
5781 3960
5966 3860
3215 4600
4618 5021
1044 5548
1176 6671
1094 4278
1153 7013
1004 6951
678 6157
5952 4272
3105 4349
6711 3029
7058 2258
6714 1527
6323 4983
490 7507
2767 4100
1052 5283
301 7423
6797 1406
1285 6466
1609 5039
186 6427
2647 2944
5287 3724
2098 3716
181 7375
6737 2259
5262 1909
2324 5525
1781 6598
6511 2213
6192 3943
7003 2248
3062 4969
3879 6165
494 6247
2946 6724
3460 3488
1519 5217
7342 769
1781 5690
6362 2844
2450 4505
473 5306
1750 2540
85 7449
3255 6803
5902 3508
4665 2363
2219 4098
5316 3826
6702 5239
5263 1650
941 6378
6538 3208
3432 5131
1987 6016
449 6850
3615 3933
6074 4818
1019 6522
3266 4195
1942 6722
5976 1564
6298 2537
2874 4745
7385 3263
4993 3105
6279 4064
1270 5152
31 7408
1519 4910
6737 3758
7429 1017
2934 4519
7554 2616
801 6009
789 5432
7424 3180
5898 953
6913 4609
1260 4364
2109 6210
7153 1736
7075 6077
4679 2500
84 6397
3661 4048
5222 2659
1574 6744
6781 362
6481 5684
151 7120
3046 3746
2724 3071
3148 2821
5567 1263
1706 2653
1186 6913
7429 152
1212 5717
5237 2855
2191 2868
3381 3662
6525 2768
965 6977
2187 5231
2743 5804
358 6476
1847 5540
7380 589
2114 5988
1966 6768
901 5209
2467 2909
672 5713
3489 3389
268 7503
1811 5697
727 5704
2986 3051
6590 4306
6432 3656
1978 6700
1630 7169
5333 4783
7428 2419
6784 3563
415 5204
266 6984
5374 3191
5805 5244
2179 5415
2281 3626
4761 3135
5181 4522
3081 4487
376 6493
654 5715
4525 2174
1078 6695
2985 3141
5358 4055
5988 3201
303 7030
2221 5959
5450 3351
5379 5961
3141 3972
4684 1086
2685 4965
969 5922
1441 5282
430 7321
5783 2833
4505 6093
2926 3504
4505 5897
2923 4530
389 6987
1549 6425
5185 1753
7361 3093
7408 1117
5119 6241
2118 4857
4521 5861
582 6517
78 6563
2953 5188
5981 4871
2192 6064
666 5005
4947 5601
2148 4254
442 6739
779 5668
148 7306
1442 5253
3880 5577
6123 1593
545 6285
7282 4892
3036 6142
5095 4690
4520 4944
5840 4321
1348 3265
6101 2090
5837 2383
7120 1662
2151 2435
5232 1550
2975 3995
6489 1530
3508 4643
3420 6303
7337 3614
7522 2054
214 7132
7222 1460
2549 3259
7328 286
5274 2203
6906 1666
815 5763
1045 6054
4448 6251
6785 3207
3455 2509
526 6852
6898 2322
4727 6098
4966 1360
147 7487
6148 3004
1071 5976
250 6532
824 5676
630 6315
3725 5226
5544 6106
221 7501
7298 2699
2610 4624
5702 2554
6913 1431
997 5820
87 7280
3810 4517
6940 709
7553 765
2893 4559
1931 4428
6649 1699
688 6309
4389 2218
5023 2614
6087 3100
5779 6872
7376 2842
5800 2675
1989 6441
2649 3096
6183 4419
7514 1962
6904 3116
4948 4122
1757 5030
2167 4758
710 4159
6874 1114
2185 5255
3376 6401
1128 6225
5356 1579
6304 3059
478 6697
7307 2022
5604 1627
6512 507
2008 5455
6764 996
2606 2943
3239 4675
4700 2468
4617 3387
4928 6294
2413 4756
339 6140
2949 3846
6863 3210
5565 3283
6723 4602
2115 2381
2656 3005
7447 6927
976 7118
7038 344
6830 1277
784 5278
7263 2335
426 6348
228 7462
1942 3717
2058 5672
1565 5522
2854 5579
4822 1961
483 7360
6897 5906
5963 1390
2189 6433
2726 3337
5880 1107
7084 4639
6007 2422
1965 4287
4606 4734
2757 4298
3706 4579
1602 5860
6863 4813
1476 4563
2209 6341
5624 3620
4108 4614
614 6369
5882 4442
4279 3551
4078 5071
1120 6058
3072 6632
3737 4268
4639 6283
2884 2911
2024 5689
1391 5383
2827 3732
6469 4144
7425 3475
7179 355
7281 1428
5465 4002
1363 5786
2296 4126
7222 4373
6058 2277
6776 2714
6689 3235
1586 4868
7572 1461
6186 6685
4455 4878
953 5657
1616 5237
2740 4155
7141 3989
1073 3464
2247 7510
3603 5276
2402 3831
4367 2485
6543 2808
268 7451
1760 5087
1511 5513
6585 3226
1805 6301
255 7391
1903 4747
616 6371
2191 5856
1473 3942
992 7024
3671 3847
4659 2186
5466 3784
3466 5398
5385 2139
4238 2226
902 5025
4356 2958
7526 2422
1468 7051
4553 4469
2912 4343
677 7163
6293 926
1650 3131
3332 3346
2389 4165
6228 3520
6681 5019
6781 391
1827 4422
1722 5662
4665 3304
3935 6945
774 5335
5189 4612
5901 2841
2524 5892
7502 843
2172 6541
297 5692
4172 4433
7135 650
2400 5440
599 6934
4539 5125
1077 6831
4356 1452
5508 4557
4697 5242
35 7481
2865 4549
6466 5328
1314 6680
7348 433
4655 5298
3665 4154
2532 3437
2060 4361
1964 5051
6324 1198
336 6969
2504 4616
7317 1523
2312 6547
6288 3989
4276 4997
1061 5925
2799 3379
6891 3294
357 5598
6741 613
104 7450
6985 5641
1025 7185
6585 420
4133 4661
2650 5233
4595 2786
1925 3262
6756 2421
456 5624
3379 5059
844 6368
16 7555
7374 4557
2138 5600
3606 4764
44 7485
2232 6001
2085 4245
1521 5744
4438 6486
7378 421
6404 1463
1517 6763
6697 606
1826 4405
215 6031
3737 4911
3087 4677
4728 4749
1002 6121
5973 4072
1552 5451
1967 7011
6741 1327
2490 7215
1058 6011
7494 4202
3029 3791
1297 5647
2777 5658
4952 3449
7561 1737
1269 6620
6767 802
3068 3701
5341 1614
2910 4962
6445 859
3179 7091
3896 4046
1046 6677
1316 6243
2497 3343
7357 4285
1413 4211
4749 4336
6572 3778
4627 1427
3860 5340
2942 4041
7487 455
139 7303
2027 6080
4482 4552
5152 2688
2158 4837
837 6393
6516 3794
4579 5192
4302 5108
1817 5082
2222 4403
7219 1294
2602 6480
4986 2297
3389 4123
853 7183
5453 6267
1346 5387
4246 4651
122 7429
4590 4973
4840 2916
4976 5746
51 7359
7570 2401
5689 3667
894 4638
5681 884
7228 1510
1529 4328
7047 3620
4923 2436
5524 1428
736 4843
64 7245
2812 4836
438 5449
7381 313
1646 5728
7574 687
3654 5762
4258 6317
3739 5294
2011 6894
6701 1560
3939 4075
234 7042
2126 4905
5357 5514
978 5771
905 7443
2978 6914
6451 2578
1242 3491
7259 4289
6440 3040
2896 3422
5086 1785
2328 3549
4752 5623
5057 2003
1497 4407
4368 5576
5609 6054
1612 4607
714 6745
1095 5416
7530 2033
7322 5954
2101 2887
6748 4534
4256 4452
265 6716
6962 4815
5518 2570
4055 4467
7526 141
6991 7144
2601 6986
212 6049
1989 5331
290 7257
7211 1065
5886 1891
1575 5806
1054 6735
5033 4649
4735 5097
5135 6310
2351 3589
5801 3496
1111 7097
2347 6030
2247 6556
1356 5023
266 5682
954 6954
6845 1956
6997 3429
7572 2382
2227 6226
1181 7317
4843 5312
7337 2278
5455 2628
6054 5087
2360 3573
6584 3281
4827 4846
2682 4288
7340 1397
466 6940
4728 2979
7292 2830
406 7370
5843 3056
2473 4340
7011 4906
4019 3779
6891 2683
2180 3356
5256 4234
7466 4118
2811 5094
7174 488
190 6334
393 5760
1664 4912
2039 3586
1019 6479
6256 5377
4250 5950
3864 4770
2723 4307
21 7346
1789 3858
6885 3308
20 7283
1847 6386
5336 3638
3838 4946
1304 7465
645 5487
2894 3510
6138 1060
5757 2653
1836 5202
5981 5519
2149 4485
4274 5112
4574 6462
6368 1534
5427 3147
6076 2379
2462 3352
74 6933
7329 3653
7045 1018
3204 5170
4357 4556
7078 3856
6324 3388
2262 6731
112 6366
7317 2021
2672 4013
495 6757
4086 3409
6383 2020
871 5406
826 6257
695 7272
2901 7284
7222 1115
3944 4829
6634 1572
3438 5269
6439 3033
126 7142
483 5661
441 6725
822 5258
717 6232
1373 5438
6836 2033
867 6248
984 7207
108 7261
1309 4226
3027 5498
676 6846
7566 272
5356 1911
6458 2728
825 5224
2444 5834
2882 3661
197 7255
2823 4468
1973 5970
522 5484
603 6663
42 7289
126 7224
760 6271
6929 2199
594 6833
5496 6037
7113 3229
1934 6593
4485 7041
3748 4205
1025 4713
1975 4070
5260 2640
763 4886
375 7027
4532 3120
1055 6127
6439 1100
190 6430
2505 6000
2854 6102
2594 4691
3041 4732
5360 3397
6947 1411
7512 323
309 7244
3026 6915
2725 3192
4767 3672
3826 4571
553 4595
7404 583
3254 3812
1824 3559
6677 1221
1782 5610
7448 236
6877 1009
3002 4930
440 6640
1929 6814
4569 4936
102 7273
272 6707
1630 4707
58 7453
5066 3278
1326 5423
1653 5292
6845 2782
6702 2521
737 5222
5126 4198
2832 4383
481 6916
1051 4393
2488 6856
4966 6291
163 7000
2987 3334
3130 5163
758 6811
6272 4424
6775 1514
1713 4678
358 7405
896 5235
2607 6885
3763 5004
5925 6665
4139 3345
3170 4890
6052 1972
785 5743
2262 5413
4034 4085
388 6552
1903 6605
7421 498
3741 3250
310 7506
2992 7144
7165 2944
5197 3514
3804 4839
3705 3908
3800 4725
1395 4929
7281 1015
1032 4727
4696 6253
1665 5819
511 7200
7240 4963
6348 1121
382 6980
1663 4576
1104 5802
7118 1940
1559 3962
1872 4674
579 5921
3888 5650
2029 4210
1391 4718
819 7260
2259 5578
7375 4355
719 5880
1072 6504
2445 4134
6675 2360
4397 6502
5932 5834
3347 2292
6668 2217
2077 5265
1955 6342
1568 5816
783 5874
3507 5877
3228 3435
1881 5411
6752 3225
5803 4904
1224 4136
3668 4120
1278 7026
4314 2702
7555 935
2229 6520
4839 6943
1056 3190
6721 588
25 7546
6052 2780
940 5256
7563 23
6850 1121
5445 3936
5001 4946
5832 2198
7487 1424
1097 5474
2611 6923
1844 5454
4979 3417
83 7538
5429 1573
1697 4977
4297 4127
7535 775
2533 3805
4051 3292
1800 6996
1083 5096
7521 4577
3006 6388
5702 2065
5865 3976
1332 5767
3448 5350
1679 6609
1577 6101
2545 6481
135 6550
6451 2121
333 6782
1865 6284
3428 5126
1005 6132
6095 1883
360 5574
5993 782
892 6460
3558 7104
7023 1787
145 7466
2573 4038
3853 5327
5971 6050
5660 1463
5886 3523
171 7135
3546 4716
6824 4381
7023 5594
3651 2879
5796 5970
3759 4698
7513 364
7027 584
7422 548
7466 702
4339 7127
7542 2944
7116 793
4291 3322
1272 4822
5840 2784
168 7086
1486 6836
7326 872
7389 994
1546 4676
5812 2269
343 6543
126 7499
4388 5068
4666 1887
2673 5366
5448 5656
7295 587
2818 3495
1039 7398
6604 708
5510 2124
473 6579
7393 219
5476 4838
1417 5333
6292 4540
81 7340
3942 2194
5137 3961
6899 4188
3347 6170
3765 4005
2210 4700
270 6194
5210 3656
5427 2630
4152 2178
1000 6990
6801 4190
7498 1258
1527 5355
1651 6162
1359 6592
133 7401
5832 4953
841 6851
4843 4669
2321 5553
1079 5810
2434 7230
5954 3714
1927 6391
3931 5718
2583 3584
7458 279
205 4925
4589 3077
7267 2211
881 4961
3516 2958
2609 3381
639 6413
542 7337
2869 6608
3502 5724
3558 3441
6190 5547
6464 5646
329 7065
3710 3289
213 7156
2791 4212
2591 5015
3607 5360
4645 2040
4696 2454
1976 5160
2358 4049
7528 2975
7421 560
188 7262
1091 5215
1816 3620
6534 2403
2285 4662
2298 5839
3180 4625
6050 3203
271 7348
1893 5067
6085 2721
1048 6294
5703 1674
665 6614
4417 4606
6083 3722
1402 6727
7523 406
7253 3042
2528 4861
7494 4155
1384 5542
3534 4566
4225 4585
2453 5709
2440 3396
2091 3792
1569 3660
7234 3844
1683 5566
7172 3350
404 7022
922 3836
891 6891
3670 6389
3434 4241
3295 3411
3314 4197
5713 2315
6452 3492
6834 1399
5748 4693
3552 5318
126 7436
3550 5168
1381 5191
2252 4776
1445 6018
4930 4945
7335 2719
6990 2284
1071 5214
2965 4554
4367 1810
3060 3183
1118 7047
352 7395
6370 2001
6831 1188
6432 1295
3199 5000
2928 4782
7428 3359
6012 2974
5960 2369
136 7160
2637 4759
2579 4374
6984 437
6513 1674
2161 6076
5726 3167
1862 5559
6940 2244
7533 1800
7574 230
5040 2969
3956 3341
4723 6088
3070 5195
4465 3011
5946 2452
2795 6574
1549 5121
929 6487
1822 5419
1607 4537
5747 4144
6107 2962
7456 1398
1184 6808
1090 7358
2525 4124
754 6767
2272 5345
641 5659
1714 6098
3945 4119
3009 3671
15 7535
6543 2076
7057 2583
2005 5756
2011 6278
1342 5642
1137 6320
4840 3412
1294 5568
827 6095
7447 4283
6625 2041
2049 4087
6725 991
7129 4572
5854 6196
6947 2205
3379 4927
3652 4864
5741 5021
7559 667
7372 378
259 6720
580 6206
7255 3368
2998 4273
2523 3522
2123 3455
5480 3079
529 7240
2693 5958
1314 3144
3175 5124
1545 6184
4417 3480
2066 7114
1244 3856
7408 943
1082 5691
404 6237
3310 3945
3593 4527
6954 3816
6810 2978
1432 7148
1354 3686
3232 5196
3681 6047
1705 4384
1949 5105
2070 5368
373 6877
3180 5761
44 7152
7320 621
4798 6616
387 7464
5205 2798
6370 4265
116 7341
7318 696
1173 5895
6812 1426
2352 4478
3263 4303
5586 3280
860 6499
7391 1886
3775 3827
312 7520
1128 5716
5697 3724
5978 5308
7088 3313
814 5434
399 5281
2758 3138
7046 647
7337 3395
2023 5784
7542 3716
3967 7383
1369 6606
687 7117
6281 3681
866 7055
5176 6381
5075 3731
6584 876
5593 2947
2203 5351
293 6468
6920 804
4684 1619
4390 3108
5830 1969
3803 3897
1074 7410
7258 686
7504 821
6886 1680
1238 6596
6232 1853
927 5241
6732 539
2688 6360
4319 3160
2664 3555
2404 7005
213 6713
6321 1301
3003 4589
395 7131
5427 6792
3839 3544
2129 4526
956 6407
1313 6464
777 6455
7539 473
1834 6044
331 7058
1623 5948
1334 6172
5779 3367
473 6150
1861 4652
4515 4672
3656 4376
674 6535
841 7527
3204 6005
218 7518
6722 2247
4487 4452
5910 2409
4692 1701
1365 4851
2468 5251
4352 2625
2562 4560
7192 2716
5720 4141
1268 5847
70 7109
1059 5779
6123 3242
6836 1955
4767 5592
7037 2411
5127 2651
5262 5344
7206 5609
2485 4001
5773 3150
1731 4430
2722 2836
7547 2332
1478 4650
211 7459
3547 5171
11 7558
3604 3690
5430 5929
452 6482
2163 6207
4368 4546
4858 3230
2895 3103
2169 4348
3626 2527
6171 2917
4420 4897
1203 5048
7070 7100
198 7489
429 6490
2230 4773
1739 3457
1117 5955
2522 6148
5251 4484
4616 4056
936 5273
7389 89
4934 5388
3709 5536
6163 1662
6038 5891
5733 3905
7558 63
2991 6798
1549 5399
1615 2879
49 7560
3331 3709
2152 7173
3836 5175
1178 6559
3320 6048
4115 5083
5020 3032
1305 5932
6960 2978
5700 2841
1915 6689
3707 3896
3166 3728
6320 1962
1773 4297
154 7326
5905 3041
6719 5919
6606 2635
3776 5136
3352 2613
552 6159
855 5518
7317 3111
3306 5287
3066 6262
7460 3197
833 6946
2021 4955
4961 3736
1881 6077
3537 6029
40 7020
2626 4472
2313 6488
5232 1410
2893 6363
2654 5640
2352 5664
6183 6149
2681 4834
2905 3447
4736 5100
6551 2750
178 7281
7155 166
3721 3597
1966 5391
6130 1418
2388 3126
3532 5050
5858 6562
2746 6612
6983 1472
2676 3901
3243 1730
4234 6297
6793 1142
941 6572
5793 4767
951 7256
2559 4247
1139 5928
5451 2271
2734 3956
5598 4012
4441 6376
862 7209
256 6447
7213 4216
755 6905
3157 4543
5633 1746
1860 3479
7330 1445
6235 4101
3052 4304
6545 3179
6652 1380
2854 5444
5087 5850
870 6181
1405 6330
3104 5140
6010 4285
7555 2452
6542 6048
6248 3071
2443 3930
4767 6424
7185 1065
2080 4160
3065 3152
7289 434
1460 5777
6109 2706
2036 3273
7027 1580
5839 2471
4439 3708
7569 980
1317 6412
3178 4309
3216 3461
7285 2777
6301 4286
7289 1346
56 7457
4793 4358
567 7428
1229 4956
7214 2845
5645 2337
4049 7265
5036 3900
7131 1538
2295 3992
2674 5229
3815 4876
1223 5660
3332 4110
1368 5472
2848 4069
5915 5885
3948 3585
7522 8
4017 5496
292 7111
7209 3747
7024 1846
2172 7157
5779 2836
1185 6063
4378 4524
1101 7435
595 7093
6949 375
7413 226
1346 5766
1346 6474
6095 1779
5589 5879
4829 5400
3075 4323
5771 4145
459 6675
6006 1661
593 6017
1930 4099
2526 5506
4885 6039
2684 6196
4733 4626
1768 6880
3301 4688
2649 2820
1435 5984
3225 6358
1364 6383
3382 4983
3098 7479
2927 4717
2655 5957
3850 6154
3863 4308
2702 4147
7528 5316
5414 3572
1687 5173
160 6879
5820 1271
898 6343
6934 2938
7390 3205
2230 6654
6867 1571
7209 1293
7426 2719
2625 4018
7093 1430
2645 5864
1203 5184
5211 6213
1 7442
1610 5975
5717 2183
1299 3529
1984 5336
6412 1498
5069 2774
1902 5883
1556 4993
6245 1192
1329 7129
7421 533
5872 2606
3074 4491
1123 5992
1320 5465
5713 4687
53 7318
626 6431
6605 5972
4995 2811
1262 3489
3238 3815
6294 5925
4461 6889
975 6304
3274 6129
2556 4603
1079 6311
4016 2384
6963 256
774 4462
514 6600
3539 4981
4545 4129
4461 2867
1933 6972
4984 2700
189 6255
893 3611
6679 2209
591 6263
6702 1366
4539 4860
4393 4319
7475 384
5044 4418
4223 4608
6516 5758
2208 3730
2552 3158
1371 5475
6881 1468
5566 4029
4821 5838
1985 5115
2340 5580
179 6781
1443 5612
5692 371
6634 2849
5851 4176
4015 2636
4505 4432
798 5789
3755 4480
7535 48
2891 6414
1438 5162
5034 2008
3465 7220
6764 1280
5639 4841
7226 1398
2518 3310
7556 1636
193 7159
7358 3978
7353 169
458 7029
1985 6040
668 7162
733 7143
3500 4203
2544 6212
500 6948
1895 4062
5749 3073
5117 2876
2072 5572
2133 4998
6941 2733
2509 6576
745 5755
7305 3762
1433 5405
3618 4431
6837 2581
4471 6141
4512 5831
4767 5495
7331 3616
6066 1030
1453 6876
2502 5244
91 7550
402 7056
7544 2812
5784 3541
2795 3840
2109 5730
4389 4458
3486 5190
7336 3738
4525 2392
6343 2230
1944 6180
699 6624
2223 3058
2829 5778
5497 1967
3745 3062
1744 6024
506 6911
1379 7298
2813 7104
2452 5169
4797 7197
1668 4598
2708 3162
2967 6290
5604 7265
6620 4129
900 5757
5436 4490
3592 5010
4410 3335
6974 2294
5584 4987
4623 3323
7173 3483
2304 7048
4263 4735
4158 3148
5280 5952
5607 3654
937 6372
3499 6656
1195 5965
3414 6021
1315 5914
7361 1092
788 6066
1154 4593
3669 4326
2698 3119
1340 4370
3591 4030
787 7034
2208 5504
2995 3861
3276 6860
988 5824
2810 4432
2918 3913
225 7235
3216 4251
5755 1631
6610 1893
7555 1782
4469 4660
3620 3692
7258 1509
685 5473
576 4862
901 5041
1129 6291
6591 2983
4984 4548
6291 2917
7568 108
5702 6838
1570 4665
6410 6886
7019 2487
1859 3648
3290 5295
4778 2936
5249 5812
192 7386
2290 4628
5160 2414
3268 2064
7563 80
4044 2285
2286 5705
5474 4794
6806 1699
2257 4174
7492 3
250 6530
1286 6817
4926 3950
608 6935
5727 6149
1221 5404
834 6045
1108 5586
401 6594
1099 6653
6694 649
540 7275
6550 810
911 6806
5185 6805
7148 3076
6937 3953
597 7018
131 7059
593 6820
3923 3054
3323 5949
429 6715
2828 6032
7365 791
4157 4811
5451 1870
7489 623
6813 1716
223 6779
7046 572
4437 4442
1754 4771
4319 4748
3848 4464
3505 4341
5733 2620
5796 4867
7469 2325
3434 5770
1566 6994
7069 2537
1950 6228
5380 6252
3610 6367
1663 6096
483 7028
3378 4014
52 7387
4641 2442
5105 2449
2859 3634
808 3014
3185 6838
7272 2758
7372 486
5119 6448
6123 1537
5847 2329
1491 4823
1745 4089
5876 3785
622 6235
947 4016
5343 1921
4961 4173
2981 3630
1141 4654
688 6857
1124 4926
7313 3724
1472 4853
7120 3291
659 4436
1755 4657
3934 5494
1608 5095
1173 4502
260 7316
5668 2847
7361 852
2240 2281
119 5768
4875 5171
6065 4365
3651 4617
5915 4617
3340 3625
6063 3371
5686 1700
4746 3502
755 6960
1135 4301
5890 2766
4167 4916
712 5781
1823 7426
2230 7304
2205 5933
1126 5137
7458 1519
2268 3902
4106 6467
474 6288
2377 3631
700 6603
5629 2297
6569 4939
4000 4661
28 7438
6134 2686
1958 3535
3426 4504
5952 4633
5354 1330
3491 5350
370 5995
314 6177
6109 3093
7303 877
1641 4611
918 6275
6686 3924
7051 4766
2790 3220
6778 3114
4351 6415
160 7064
1281 6521
512 6776
833 7437
269 6907
2567 2577
521 5279
753 6375
4361 2417
2437 4091
5709 3155
2230 5072
235 5681
5510 2378
4728 6207
5680 3865
1932 4152
6115 1132
91 7414
7315 624
7299 687
5545 2477
2837 4520
1106 5428
2445 4590
1584 3863
6429 4412
1008 6321
4993 1603
184 6866
2025 4715
4234 4737
4139 5179
762 6599
5778 3017
1056 4489
3634 5346
6639 2155
2326 2997
6772 1319
77 7543
2055 7350
4919 6645
7490 5018
2671 6774
4594 4620
3196 3755
4485 4825
3794 4280
482 7477
3541 5685
1821 3104
3954 2934
6394 6352
5351 4975
2448 3764
2010 5788
195 7315
2700 3296
7195 2141
5109 5710
963 7259
1472 7101
152 7399
7093 2452
1614 7138
2019 3347
6105 2818
3797 4473
805 5953
477 6906
6312 973
5836 2624
7231 3116
6456 868
2514 4178
2154 5029
1639 4434
1795 6438
3319 5180
4856 1517
173 7294
2466 3851
1644 4157
1709 5189
5566 2557
5392 5753
5254 5302
1038 5120
6877 5905
6339 6033
4363 3279
939 4584
4809 2950
6519 2067
176 7415
6835 1628
7402 76
6532 930
347 6548
2130 4417
4222 4191
2156 2748
5573 821
4314 2140
2572 5374
403 6734
1829 3949
964 5750
1139 6457
2422 3326
5876 2605
5258 2560
1659 4743
2167 6164
638 4389
493 5385
451 6231
3151 4073
2976 3351
7513 1445
526 7325
356 7331
5680 5299
1277 6952
1948 2481
445 7551
2182 2922
7159 2345
1456 6506
1104 5962
298 7080
5825 3976
41 7544
5837 2957
2563 5615
7572 2333
1446 3442
5988 4431
6815 4038
1676 5468
641 6613
516 7046
3209 3241
7355 439
2144 4623
13 7482
6298 2394
5273 7001
5645 1952
504 7187
4686 2987
1420 3607
7526 4983
2959 5994
3431 3762
5347 2262
6760 4943
7550 3673
6526 3263
6325 2695
7511 1047
6194 398
1116 4044
2826 4872
2120 2276
2824 4331
2727 5913
3104 2612
3233 3341
2347 5797
2207 3171
7569 117
950 6420
203 6824
2412 2785
1312 6302
129 7155
5450 4932
7470 118
955 5934
5867 6758
1416 7017
1536 7287
913 7068
2753 2797
7349 567
3828 3599
989 6056
6351 1539
3901 4149
3761 3893
2565 4179
1975 6711
2968 4273
1613 4842
1401 5539
4666 2839
6157 3200
144 7512
2953 4059
4655 3050
2173 2859
1358 4322
2053 6494
67 7389
1855 6408
514 7271
1127 5886
1385 5973
2991 4270
6728 190
4587 3237
4530 3278
7311 142
3805 5493
2538 3784
510 6615
7136 805
1725 5141
5431 3958
2266 5629
4062 3237
901 5674
3172 3948
7030 571
2590 5563
786 6026
1336 5347
6988 2839
5899 1971
2940 5588
2427 5774
3215 5945
6540 2957
7122 2215
3733 3801
348 7468
3403 4130
6076 3384
3792 4675
5359 1772
7393 119
2889 4793
4668 2783
6380 3145
3491 5896
6753 6153
4620 4888
3231 4045
987 7226
3151 3898
1532 2681
6923 4137
3644 3926
610 5733
305 6602
6294 1861
2639 5905
1776 3448
2032 3476
1751 4814
6172 3720
1322 5628
5664 2659
205 7461
6772 1647
3674 7119
4114 4541
1171 3988
2492 4453
491 5916
2666 4103
3999 5489
7492 2928
7114 3322
2392 4820
4143 1917
868 5483
3597 7053
5977 4308
7424 3089
6551 2263
192 7373
380 6732
14 7505
1685 4778
7066 1323
2231 4337
215 6588
1159 6450
1609 5254
5273 5065
669 6597
7428 1290
7173 2644
7017 3494
3774 5316
308 7433
632 5447
770 5844
5202 2223
6165 7218
5971 3117
627 7205
6594 1070
1785 4493
5027 5110
1245 6561
1738 5314
7149 4365
4560 3975
7251 1182
7507 868
1558 5064
6719 2413
6351 1042
7472 577
908 5648
7391 706
6586 2016
7149 5536
4984 2982
217 7211
276 6750
2551 5531
6777 618
5773 2924
1287 3616
6869 3924
1250 6974
5197 4573
2939 5308
780 6156
4501 6821
1196 7106
586 4684
1656 4230
4026 5154
1729 5832
6960 3186
2056 4496
1505 5843
1955 4605
2402 2801
3200 4043
6776 640
5564 4058
5406 1490
400 6585
3688 4777
5093 3757
1374 6569
2540 6353
2355 3623
564 6293
4481 7352
437 5941
130 7561
6087 799
165 7070
40 7569
3392 3834
424 7081
2011 7406
2399 7043
7366 2888
2532 3484
2816 5671
2909 5616
4 7568
2846 4458
1544 4924
682 6421
754 6426
1606 4215
5304 2993
4593 4635
1771 5182
2503 4154
5931 2426
4299 6110
4112 3909
861 5462
718 7219
3660 3533
1790 4935
2925 4996
1386 6692
4711 5888
2658 6458
5663 4933
7372 1657
4238 3657
5294 6333
624 6518
107 7351
4666 2751
2039 6070
4818 6004
1267 4553
294 6639
3805 3569
3408 4408
4281 4318
7047 4680
6690 3555
1748 6340
7550 806
7294 627
1404 3676
726 6764
274 6759
7007 1927
196 6338
1288 5092
6699 1204
3053 6047
7008 761
4061 5617
557 6682
1807 4010
6580 2247
1377 5581
7573 2872
3614 6100
108 6589
238 7488
3395 5654
3291 4533
6923 6175
2068 3751
1214 7145
7148 2618
3712 4939
1295 5101
1411 5157
3467 3711
559 5899
5478 3471
6120 4915
1200 5284
1435 4937
578 4849
476 7536
6679 4730
1581 6564
2964 4512
5771 6524
3884 3952
1112 5364
4631 3760
934 5842
5475 1704
1162 4722
5197 2995
4895 2038
3113 3196
6691 1965
1578 5040
4998 4186
7507 828
5231 2216
1562 4740
6215 4090
5712 2289
1945 4510
771 7537
6825 6888
1780 4525
508 7201
7348 853
7059 999
521 6418
4230 6991
3347 2631
2713 4400
5280 7354
1052 7208
5140 3678
3139 3539
6544 2881
7449 711
86 7504
1542 6999
530 6347
2932 3618
6249 1987
2086 4277
4961 1874
1711 4947
5798 3919
7294 2283
5750 4310
7191 1652
1337 5683
7306 504
917 5117
1807 7249
660 6568
2350 4102
1036 6533
5867 6337
2773 6858
431 5996
338 7368
5276 4907
129 6622
2747 4990
7186 1888
759 5093
1434 6310
1990 6319
5998 1905
4472 7420
1624 5554
1519 5814
1607 4957
336 7367
2520 6628
6891 5143
1946 3266
1349 4455
5425 3872
465 5985
2848 3883
3708 4492
1450 5869
3972 3189
7391 464
4054 6335
1785 4670
6732 818
3571 6259
4553 2317
5285 6190
2027 4751
324 6446
2286 4401
5457 2197
3563 5090
6971 3488
3093 5735
3647 3241
180 7063
497 6841
243 7356
5247 4047
2880 5321
502 7279
3272 6323
6893 5669
883 6451
5686 5627
5841 3252
568 5700
625 5080
2215 3115
14 7486
3689 3854
390 6155
1093 7191
6196 3987
5552 2695
2681 4816
2267 3374
1389 4390
2261 3454
2331 5862
21 7241
4607 2705
7525 6970
3375 3698
6250 2575
69 7140
6779 2989
4178 5122
3877 2971
2273 4082
2300 5044
487 7296
55 7497
3901 3256
