0 5
1 1
2 1
3 5
4 3
5 5
6 2
7 2
8 3
9 4
10 2
11 4
12 2
13 3
14 3
15 5
16 4
17 4
18 2
19 5
20 0
21 4
22 0
23 1
24 0
25 4
26 2
27 4
28 2
29 5
30 4
31 4
32 5
33 4
34 4
35 2
36 2
37 1
38 4
39 3
40 2
41 0
42 4
43 2
44 4
45 1
46 2
47 4
48 5
49 2
50 3
51 2
52 1
53 2
54 2
55 1
56 0
57 0
58 4
59 4
60 5
61 4
62 5
63 0
64 4
65 4
66 0
67 1
68 2
69 4
70 4
71 1
72 0
73 0
74 2
75 4
76 3
77 4
78 4
79 1
80 3
81 5
82 3
83 2
84 4
85 2
86 3
87 0
88 5
89 3
90 4
91 2
92 2
93 2
94 4
95 2
96 4
97 1
98 4
99 5
100 4
101 3
102 2
103 2
104 4
105 3
106 3
107 2
108 2
109 2
110 4
111 4
112 0
113 3
114 2
115 4
116 2
117 5
118 0
119 0
120 0
121 2
122 5
123 2
124 2
125 5
126 2
127 4
128 0
129 2
130 3
131 1
132 3
133 2
134 2
135 3
136 0
137 4
138 3
139 5
140 3
141 5
142 0
143 4
144 2
145 1
146 1
147 3
148 4
149 3
150 2
151 1
152 4
153 1
154 3
155 0
156 4
157 4
158 1
159 3
160 4
161 2
162 1
163 0
164 4
165 1
166 2
167 2
168 4
169 5
170 4
171 4
172 2
173 4
174 4
175 4
176 2
177 2
178 5
179 1
180 4
181 5
182 0
183 2
184 2
185 3
186 2
187 3
188 1
189 4
190 4
191 0
192 5
193 2
194 0
195 4
196 2
197 3
198 4
199 4
200 4
201 5
202 2
203 3
204 5
205 0
206 3
207 2
208 4
209 2
210 5
211 5
212 3
213 1
214 5
215 5
216 3
217 4
218 3
219 0
220 5
221 5
222 1
223 1
224 5
225 1
226 4
227 1
228 2
229 0
230 2
231 4
232 2
233 2
234 2
235 1
236 4
237 4
238 4
239 0
240 5
241 2
242 2
243 3
244 5
245 0
246 4
247 4
248 5
249 2
250 2
251 4
252 3
253 4
254 1
255 4
256 2
257 3
258 2
259 2
260 4
261 2
262 0
263 4
264 1
265 4
266 3
267 0
268 2
269 5
270 5
271 4
272 2
273 2
274 4
275 5
276 4
277 0
278 1
279 5
280 3
281 5
282 5
283 2
284 1
285 4
286 2
287 4
288 2
289 1
290 5
291 2
292 0
293 2
294 2
295 2
296 5
297 0
298 0
299 2
300 5
301 2
302 0
303 2
304 2
305 2
306 4
307 3
308 4
309 1
310 2
311 4
312 3
313 2
314 2
315 1
316 4
317 5
318 0
319 3
320 1
321 5
322 4
323 2
324 4
325 0
326 2
327 0
328 1
329 2
330 2
331 4
332 5
333 4
334 2
335 3
336 3
337 5
338 5
339 5
340 4
341 4
342 1
343 0
344 1
345 3
346 4
347 0
348 2
349 2
350 1
351 2
352 2
353 0
354 2
355 4
356 2
357 3
358 5
359 2
360 2
361 2
362 3
363 4
364 2
365 5
366 2
367 1
368 4
369 2
370 3
371 1
372 2
373 2
374 1
375 5
376 3
377 1
378 4
379 5
380 5
381 3
382 0
383 0
384 1
385 4
386 4
387 0
388 5
389 3
390 1
391 5
392 4
393 4
394 2
395 2
396 3
397 3
398 5
399 5
400 0
401 0
402 4
403 3
404 4
405 4
406 0
407 3
408 4
409 2
410 2
411 4
412 1
413 5
414 4
415 4
416 2
417 2
418 4
419 0
420 4
421 2
422 4
423 2
424 2
425 0
426 4
427 5
428 4
429 4
430 4
431 1
432 1
433 5
434 2
435 4
436 4
437 5
438 0
439 4
440 4
441 0
442 5
443 2
444 2
445 2
446 1
447 4
448 2
449 5
450 3
451 0
452 4
453 3
454 4
455 3
456 2
457 0
458 4
459 3
460 2
461 4
462 4
463 4
464 0
465 0
466 2
467 2
468 5
469 4
470 0
471 4
472 0
473 0
474 4
475 4
476 5
477 2
478 2
479 5
480 3
481 4
482 4
483 2
484 5
485 2
486 3
487 4
488 2
489 5
490 2
491 5
492 5
493 0
494 1
495 1
496 1
497 3
498 0
499 3
500 1
501 2
502 2
503 4
504 3
505 4
506 4
507 0
508 4
509 5
510 5
511 5
512 2
513 4
514 1
515 5
516 4
517 0
518 0
519 0
520 0
521 2
522 2
523 1
524 4
525 4
526 2
527 4
528 2
529 3
530 4
531 5
532 2
533 3
534 4
535 0
536 3
537 3
538 4
539 2
540 2
541 3
542 2
543 4
544 4
545 3
546 2
547 0
548 5
549 2
550 5
551 4
552 0
553 2
554 3
555 2
556 4
557 3
558 2
559 4
560 4
561 0
562 4
563 2
564 0
565 0
566 4
567 4
568 2
569 2
570 2
571 1
572 2
573 4
574 0
575 5
576 4
577 0
578 1
579 1
580 2
581 0
582 5
583 4
584 3
585 0
586 4
587 4
588 1
589 4
590 1
591 0
592 5
593 2
594 1
595 5
596 2
597 2
598 4
599 4
600 5
601 2
602 2
603 2
604 4
605 0
606 4
607 2
608 2
609 4
610 5
611 4
612 5
613 0
614 2
615 4
616 5
617 4
618 0
619 1
620 0
621 4
622 5
623 2
624 2
625 3
626 4
627 4
628 2
629 4
630 2
631 3
632 3
633 4
634 5
635 4
636 0
637 4
638 2
639 4
640 4
641 3
642 4
643 5
644 5
645 5
646 2
647 0
648 4
649 4
650 4
651 4
652 4
653 0
654 2
655 0
656 3
657 4
658 1
659 1
660 3
661 4
662 4
663 2
664 0
665 4
666 4
667 2
668 5
669 2
670 4
671 5
672 5
673 2
674 4
675 4
676 4
677 4
678 4
679 5
680 2
681 2
682 2
683 4
684 4
685 2
686 2
687 0
688 4
689 3
690 4
691 5
692 3
693 2
694 5
695 5
696 5
697 2
698 4
699 0
700 4
701 5
702 2
703 0
704 4
705 0
706 4
707 3
708 4
709 0
710 4
711 2
712 4
713 2
714 4
715 2
716 2
717 5
718 5
719 5
720 4
721 2
722 4
723 0
724 4
725 0
726 0
727 3
728 2
729 1
730 5
731 0
732 0
733 0
734 3
735 3
736 2
737 3
738 2
739 4
740 4
741 4
742 5
743 3
744 0
745 4
746 5
747 4
748 5
749 3
750 2
751 2
752 0
753 4
754 2
755 3
756 5
757 0
758 2
759 3
760 0
761 1
762 5
763 4
764 0
765 4
766 0
767 0
768 1
769 2
770 2
771 4
772 2
773 0
774 0
775 2
776 2
777 4
778 5
779 4
780 5
781 2
782 0
783 2
784 2
785 2
786 0
787 2
788 2
789 5
790 4
791 2
792 2
793 2
794 2
795 2
796 0
797 5
798 5
799 4
800 4
801 5
802 2
803 0
804 2
805 2
806 3
807 4
808 5
809 2
810 4
811 4
812 4
813 4
814 5
815 5
816 3
817 3
818 1
819 4
820 1
821 4
822 4
823 3
824 5
825 4
826 1
827 4
828 5
829 4
830 5
831 0
832 2
833 0
834 1
835 5
836 2
837 4
838 2
839 0
840 1
841 1
842 4
843 3
844 0
845 0
846 4
847 3
848 5
849 4
850 3
851 4
852 2
853 4
854 2
855 5
856 3
857 4
858 2
859 3
860 3
861 2
862 5
863 3
864 2
865 2
866 4
867 2
868 4
869 4
870 2
871 3
872 2
873 0
874 2
875 2
876 4
877 4
878 5
879 2
880 5
881 5
882 1
883 4
884 3
885 2
886 2
887 5
888 1
889 1
890 5
891 2
892 5
893 0
894 5
895 2
896 4
897 1
898 0
899 0
900 5
901 2
902 5
903 4
904 2
905 0
906 1
907 5
908 1
909 1
910 5
911 4
912 4
913 2
914 4
915 4
916 5
917 0
918 5
919 0
920 5
921 2
922 3
923 4
924 0
925 5
926 2
927 4
928 4
929 1
930 4
931 0
932 4
933 2
934 5
935 2
936 5
937 4
938 4
939 4
940 0
941 5
942 4
943 0
944 5
945 4
946 5
947 5
948 4
949 1
950 3
951 2
952 1
953 0
954 1
955 3
956 2
957 1
958 5
959 5
960 0
961 3
962 0
963 5
964 4
965 0
966 0
967 2
968 5
969 4
970 0
971 3
972 4
973 4
974 4
975 2
976 0
977 4
978 0
979 3
980 4
981 4
982 4
983 2
984 4
985 3
986 4
987 2
988 4
989 2
990 4
991 4
992 4
993 0
994 4
995 2
996 5
997 4
998 5
999 2
1000 5
1001 3
1002 0
1003 4
1004 4
1005 3
1006 4
1007 4
1008 2
1009 1
1010 2
1011 2
1012 3
1013 1
1014 2
1015 4
1016 3
1017 5
1018 3
1019 2
1020 5
1021 0
1022 4
1023 1
1024 2
1025 2
1026 5
1027 5
1028 3
1029 0
1030 4
1031 3
1032 5
1033 2
1034 3
1035 0
1036 1
1037 0
1038 1
1039 0
1040 5
1041 5
1042 4
1043 3
1044 4
1045 2
1046 4
1047 4
1048 4
1049 4
1050 2
1051 2
1052 4
1053 4
1054 2
1055 2
1056 5
1057 2
1058 0
1059 0
1060 5
1061 1
1062 5
1063 1
1064 1
1065 4
1066 1
1067 0
1068 2
1069 4
1070 3
1071 0
1072 3
1073 4
1074 2
1075 2
1076 0
1077 2
1078 1
1079 2
1080 4
1081 3
1082 2
1083 4
1084 0
1085 5
1086 3
1087 2
1088 2
1089 0
1090 5
1091 5
1092 0
1093 3
1094 4
1095 3
1096 5
1097 3
1098 2
1099 4
1100 3
1101 4
1102 3
1103 1
1104 2
1105 2
1106 2
1107 2
1108 4
1109 3
1110 0
1111 5
1112 2
1113 5
1114 3
1115 2
1116 5
1117 2
1118 5
1119 1
1120 5
1121 4
1122 0
1123 2
1124 4
1125 3
1126 2
1127 2
1128 2
1129 4
1130 2
1131 5
1132 0
1133 4
1134 1
1135 0
1136 0
1137 4
1138 4
1139 4
1140 3
1141 0
1142 4
1143 5
1144 0
1145 5
1146 3
1147 1
1148 2
1149 0
1150 0
1151 2
1152 2
1153 2
1154 1
1155 2
1156 0
1157 1
1158 1
1159 3
1160 4
1161 3
1162 3
1163 4
1164 3
1165 2
1166 3
1167 5
1168 0
1169 0
1170 4
1171 2
1172 2
1173 5
1174 3
1175 1
1176 3
1177 2
1178 3
1179 4
1180 4
1181 2
1182 4
1183 0
1184 3
1185 3
1186 2
1187 0
1188 0
1189 4
1190 2
1191 0
1192 0
1193 2
1194 2
1195 0
1196 4
1197 1
1198 4
1199 0
1200 4
1201 0
1202 5
1203 0
1204 3
1205 5
1206 4
1207 4
1208 3
1209 5
1210 2
1211 2
1212 5
1213 5
1214 4
1215 0
1216 5
1217 3
1218 5
1219 3
1220 1
1221 4
1222 3
1223 4
1224 4
1225 4
1226 5
1227 2
1228 0
1229 5
1230 5
1231 4
1232 2
1233 0
1234 5
1235 1
1236 3
1237 2
1238 4
1239 4
1240 4
1241 3
1242 4
1243 2
1244 5
1245 4
1246 3
1247 4
1248 5
1249 5
1250 2
1251 3
1252 0
1253 3
1254 5
1255 1
1256 3
1257 1
1258 2
1259 4
1260 3
1261 4
1262 4
1263 4
1264 4
1265 4
1266 0
1267 2
1268 5
1269 2
1270 4
1271 3
1272 4
1273 3
1274 2
1275 4
1276 3
1277 0
1278 0
1279 2
1280 2
1281 2
1282 3
1283 3
1284 1
1285 0
1286 4
1287 4
1288 4
1289 5
1290 3
1291 4
1292 4
1293 2
1294 5
1295 4
1296 1
1297 1
1298 2
1299 2
1300 2
1301 0
1302 0
1303 2
1304 2
1305 1
1306 2
1307 4
1308 0
1309 4
1310 3
1311 4
1312 5
1313 4
1314 2
1315 0
1316 0
1317 2
1318 2
1319 0
1320 5
1321 1
1322 0
1323 1
1324 2
1325 0
1326 3
1327 0
1328 1
1329 2
1330 4
1331 2
1332 2
1333 4
1334 3
1335 2
1336 3
1337 3
1338 5
1339 2
1340 1
1341 2
1342 3
1343 2
1344 4
1345 5
1346 1
1347 2
1348 2
1349 0
1350 3
1351 4
1352 4
1353 5
1354 5
1355 2
1356 0
1357 4
1358 5
1359 4
1360 2
1361 0
1362 0
1363 5
1364 2
1365 5
1366 2
1367 4
1368 4
1369 0
1370 2
1371 0
1372 2
1373 4
1374 2
1375 2
1376 2
1377 4
1378 2
1379 3
1380 2
1381 2
1382 0
1383 0
1384 2
1385 2
1386 0
1387 0
1388 2
1389 1
1390 1
1391 5
1392 2
1393 2
1394 5
1395 2
1396 4
1397 1
1398 2
1399 2
1400 4
1401 4
1402 2
1403 4
1404 0
1405 4
1406 0
1407 0
1408 4
1409 5
1410 2
1411 0
1412 4
1413 2
1414 2
1415 0
1416 2
1417 5
1418 3
1419 5
1420 2
1421 4
1422 2
1423 2
1424 4
1425 1
1426 2
1427 2
1428 2
1429 0
1430 2
1431 5
1432 2
1433 3
1434 2
1435 4
1436 2
1437 3
1438 0
1439 2
1440 0
1441 4
1442 5
1443 4
1444 2
1445 2
1446 2
1447 5
1448 2
1449 2
1450 5
1451 2
1452 5
1453 2
1454 5
1455 2
1456 0
1457 5
1458 1
1459 4
1460 3
1461 0
1462 0
1463 5
1464 2
1465 5
1466 3
1467 1
1468 0
1469 5
1470 2
1471 1
1472 3
1473 3
1474 2
1475 2
1476 3
1477 5
1478 2
1479 3
1480 2
1481 3
1482 0
1483 1
1484 2
1485 0
1486 0
1487 0
1488 2
1489 2
1490 2
1491 2
1492 2
1493 0
1494 3
1495 2
1496 2
1497 3
1498 2
1499 1
1500 1
1501 4
1502 1
1503 3
1504 2
1505 4
1506 5
1507 4
1508 2
1509 2
1510 3
1511 5
1512 2
1513 2
1514 2
1515 1
1516 4
1517 3
1518 5
1519 1
1520 3
1521 2
1522 5
1523 2
1524 5
1525 5
1526 4
1527 2
1528 0
1529 3
1530 5
1531 5
1532 5
1533 4
1534 2
1535 2
1536 1
1537 0
1538 4
1539 2
1540 3
1541 4
1542 4
1543 2
1544 0
1545 5
1546 4
1547 2
1548 5
1549 4
1550 5
1551 0
1552 4
1553 2
1554 5
1555 3
1556 3
1557 0
1558 4
1559 3
1560 3
1561 4
1562 0
1563 4
1564 3
1565 1
1566 3
1567 0
1568 4
1569 0
1570 4
1571 4
1572 5
1573 0
1574 0
1575 2
1576 2
1577 0
1578 2
1579 4
1580 4
1581 1
1582 3
1583 5
1584 2
1585 3
1586 2
1587 2
1588 2
1589 2
1590 2
1591 5
1592 2
1593 2
1594 5
1595 4
1596 5
1597 4
1598 1
1599 1
1600 2
1601 4
1602 2
1603 4
1604 5
1605 3
1606 3
1607 3
1608 0
1609 4
1610 0
1611 1
1612 5
1613 1
1614 2
1615 4
1616 5
1617 2
1618 1
1619 4
1620 2
1621 5
1622 2
1623 2
1624 0
1625 3
1626 5
1627 3
1628 3
1629 5
1630 0
1631 4
1632 1
1633 1
1634 2
1635 4
1636 3
1637 1
1638 0
1639 3
1640 0
1641 3
1642 2
1643 5
1644 0
1645 4
1646 2
1647 3
1648 0
1649 2
1650 4
1651 5
1652 3
1653 4
1654 1
1655 3
1656 5
1657 2
1658 3
1659 0
1660 3
1661 2
1662 2
1663 2
1664 1
1665 3
1666 5
1667 5
1668 3
1669 4
1670 0
1671 4
1672 3
1673 2
1674 2
1675 5
1676 5
1677 0
1678 2
1679 2
1680 5
1681 0
1682 1
1683 5
1684 4
1685 2
1686 4
1687 0
1688 4
1689 1
1690 0
1691 0
1692 1
1693 0
1694 2
1695 0
1696 1
1697 0
1698 3
1699 1
1700 5
1701 1
1702 2
1703 5
1704 0
1705 5
1706 3
1707 3
1708 4
1709 2
1710 1
1711 5
1712 5
1713 2
1714 3
1715 4
1716 4
1717 5
1718 4
1719 0
1720 5
1721 0
1722 4
1723 4
1724 4
1725 1
1726 2
1727 2
1728 4
1729 5
1730 1
1731 4
1732 3
1733 3
1734 2
1735 0
1736 2
1737 3
1738 1
1739 1
1740 4
1741 3
1742 1
1743 5
1744 2
1745 4
1746 5
1747 4
1748 4
1749 2
1750 1
1751 2
1752 4
1753 5
1754 4
1755 1
1756 4
1757 4
1758 4
1759 4
1760 3
1761 0
1762 3
1763 4
1764 4
1765 3
1766 4
1767 1
1768 2
1769 0
1770 5
1771 0
1772 4
1773 2
1774 4
1775 2
1776 2
1777 5
1778 3
1779 1
1780 4
1781 2
1782 2
1783 2
1784 2
1785 3
1786 2
1787 1
1788 5
1789 0
1790 0
1791 4
1792 2
1793 3
1794 3
1795 4
1796 1
1797 0
1798 4
1799 2
1800 3
1801 0
1802 2
1803 2
1804 5
1805 4
1806 1
1807 1
1808 2
1809 5
1810 2
1811 1
1812 4
1813 2
1814 2
1815 5
1816 1
1817 3
1818 2
1819 2
1820 5
1821 4
1822 0
1823 5
1824 0
1825 4
1826 1
1827 1
1828 5
1829 2
1830 3
1831 0
1832 0
1833 0
1834 3
1835 2
1836 4
1837 4
1838 4
1839 0
1840 2
1841 1
1842 2
1843 2
1844 2
1845 1
1846 3
1847 0
1848 4
1849 4
1850 0
1851 2
1852 0
1853 0
1854 5
1855 0
1856 3
1857 4
1858 5
1859 2
1860 1
1861 2
1862 4
1863 0
1864 2
1865 0
1866 4
1867 3
1868 5
1869 2
1870 1
1871 3
1872 0
1873 1
1874 0
1875 4
1876 3
1877 1
1878 4
1879 0
1880 2
1881 1
1882 2
1883 2
1884 1
1885 5
1886 4
1887 2
1888 4
1889 3
1890 1
1891 0
1892 2
1893 4
1894 2
1895 3
1896 2
1897 5
1898 5
1899 2
1900 2
1901 1
1902 0
1903 0
1904 4
1905 4
1906 3
1907 3
1908 2
1909 2
1910 4
1911 2
1912 5
1913 2
1914 5
1915 4
1916 4
1917 4
1918 2
1919 0
1920 5
1921 0
1922 4
1923 2
1924 3
1925 4
1926 0
1927 3
1928 2
1929 4
1930 0
1931 1
1932 5
1933 3
1934 0
1935 3
1936 5
1937 2
1938 3
1939 1
1940 3
1941 5
1942 2
1943 4
1944 4
1945 2
1946 2
1947 1
1948 4
1949 2
1950 5
1951 4
1952 4
1953 0
1954 5
1955 2
1956 4
1957 4
1958 2
1959 4
1960 5
1961 2
1962 4
1963 1
1964 0
1965 0
1966 0
1967 0
1968 1
1969 3
1970 5
1971 3
1972 1
1973 1
1974 5
1975 2
1976 2
1977 4
1978 4
1979 4
1980 4
1981 2
1982 5
1983 0
1984 2
1985 0
1986 2
1987 5
1988 5
1989 0
1990 0
1991 2
1992 4
1993 3
1994 0
1995 0
1996 5
1997 0
1998 3
1999 5
2000 4
2001 3
2002 5
2003 2
2004 4
2005 3
2006 2
2007 0
2008 2
2009 5
2010 0
2011 3
2012 3
2013 1
2014 4
2015 3
2016 0
2017 0
2018 2
2019 3
2020 4
2021 4
2022 0
2023 2
2024 4
2025 5
2026 1
2027 4
2028 4
2029 4
2030 5
2031 0
2032 4
2033 5
2034 0
2035 4
2036 0
2037 5
2038 0
2039 2
2040 5
2041 0
2042 2
2043 4
2044 5
2045 3
2046 0
2047 0
2048 5
2049 5
2050 5
2051 2
2052 0
2053 2
2054 0
2055 2
2056 2
2057 3
2058 2
2059 1
2060 1
2061 2
2062 5
2063 3
2064 5
2065 2
2066 1
2067 4
2068 2
2069 4
2070 4
2071 5
2072 2
2073 2
2074 2
2075 2
2076 0
2077 5
2078 0
2079 4
2080 4
2081 5
2082 0
2083 2
2084 3
2085 2
2086 2
2087 4
2088 2
2089 4
2090 5
2091 4
2092 4
2093 0
2094 4
2095 4
2096 3
2097 2
2098 5
2099 3
2100 3
2101 5
2102 2
2103 1
2104 4
2105 4
2106 3
2107 0
2108 0
2109 5
2110 2
2111 1
2112 2
2113 0
2114 2
2115 4
2116 4
2117 0
2118 5
2119 4
2120 0
2121 0
2122 4
2123 5
2124 4
2125 5
2126 5
2127 4
2128 4
2129 2
2130 1
2131 1
2132 3
2133 1
2134 2
2135 4
2136 4
2137 5
2138 4
2139 2
2140 0
2141 0
2142 1
2143 4
2144 2
2145 4
2146 4
2147 2
2148 4
2149 1
2150 0
2151 1
2152 5
2153 0
2154 4
2155 0
2156 2
2157 0
2158 3
2159 0
2160 2
2161 5
2162 2
2163 1
2164 0
2165 5
2166 2
2167 2
2168 2
2169 5
2170 1
2171 2
2172 5
2173 5
2174 2
2175 1
2176 3
2177 5
2178 3
2179 3
2180 2
2181 5
2182 4
2183 3
2184 4
2185 4
2186 4
2187 1
2188 0
2189 2
2190 0
2191 3
2192 3
2193 4
2194 3
2195 4
2196 2
2197 0
2198 5
2199 0
2200 2
2201 5
2202 0
2203 4
2204 0
2205 0
2206 2
2207 0
2208 0
2209 2
2210 2
2211 0
2212 4
2213 0
2214 4
2215 5
2216 2
2217 0
2218 4
2219 3
2220 0
2221 4
2222 0
2223 2
2224 4
2225 5
2226 3
2227 3
2228 4
2229 2
2230 5
2231 5
2232 5
2233 2
2234 0
2235 0
2236 5
2237 2
2238 2
2239 4
2240 4
2241 5
2242 2
2243 1
2244 5
2245 3
2246 2
2247 1
2248 3
2249 1
2250 0
2251 2
2252 0
2253 2
2254 0
2255 0
2256 4
2257 4
2258 1
2259 0
2260 0
2261 0
2262 2
2263 0
2264 5
2265 4
2266 5
2267 2
2268 2
2269 1
2270 4
2271 3
2272 0
2273 4
2274 0
2275 5
2276 0
2277 1
2278 5
2279 2
2280 1
2281 2
2282 3
2283 3
2284 4
2285 1
2286 2
2287 4
2288 2
2289 0
2290 5
2291 4
2292 5
2293 5
2294 1
2295 4
2296 5
2297 2
2298 4
2299 0
2300 2
2301 2
2302 3
2303 4
2304 3
2305 4
2306 0
2307 5
2308 0
2309 3
2310 4
2311 0
2312 0
2313 0
2314 5
2315 4
2316 4
2317 2
2318 4
2319 5
2320 5
2321 1
2322 3
2323 2
2324 0
2325 4
2326 0
2327 4
2328 0
2329 2
2330 5
2331 5
2332 0
2333 5
2334 4
2335 2
2336 2
2337 5
2338 4
2339 1
2340 0
2341 1
2342 4
2343 4
2344 2
2345 2
2346 2
2347 5
2348 5
2349 4
2350 0
2351 0
2352 2
2353 0
2354 1
2355 4
2356 4
2357 3
2358 2
2359 4
2360 1
2361 2
2362 0
2363 5
2364 2
2365 2
2366 5
2367 3
2368 4
2369 5
2370 0
2371 4
2372 5
2373 2
2374 3
2375 2
2376 5
2377 4
2378 0
2379 2
2380 3
2381 4
2382 2
2383 4
2384 2
2385 1
2386 0
2387 2
2388 2
2389 1
2390 5
2391 4
2392 2
2393 3
2394 5
2395 3
2396 2
2397 4
2398 0
2399 2
2400 3
2401 3
2402 3
2403 5
2404 4
2405 2
2406 5
2407 5
2408 2
2409 4
2410 4
2411 2
2412 4
2413 5
2414 3
2415 2
2416 0
2417 0
2418 0
2419 0
2420 1
2421 3
2422 0
2423 2
2424 1
2425 2
2426 3
2427 3
2428 2
2429 3
2430 2
2431 2
2432 2
2433 4
2434 2
2435 2
2436 0
2437 0
2438 1
2439 3
2440 4
2441 2
2442 2
2443 5
2444 4
2445 4
2446 2
2447 3
2448 0
2449 5
2450 5
2451 0
2452 4
2453 4
2454 0
2455 3
2456 2
2457 4
2458 2
2459 4
2460 2
2461 2
2462 1
2463 2
2464 4
2465 1
2466 4
2467 4
2468 2
2469 2
2470 5
2471 3
2472 3
2473 4
2474 5
2475 4
2476 0
2477 5
2478 4
2479 2
2480 2
2481 4
2482 2
2483 0
2484 2
2485 0
2486 0
2487 0
2488 2
2489 2
2490 0
2491 4
2492 5
2493 2
2494 0
2495 4
2496 2
2497 1
2498 4
2499 2
2500 5
2501 0
2502 5
2503 0
2504 4
2505 5
2506 1
2507 1
2508 2
2509 4
2510 3
2511 4
2512 4
2513 3
2514 1
2515 0
2516 3
2517 0
2518 0
2519 2
2520 4
2521 0
2522 3
2523 2
2524 2
2525 4
2526 2
2527 0
2528 4
2529 3
2530 2
2531 5
2532 5
2533 4
2534 4
2535 1
2536 1
2537 4
2538 3
2539 4
2540 0
2541 3
2542 0
2543 4
2544 2
2545 1
2546 1
2547 3
2548 0
2549 2
2550 3
2551 5
2552 2
2553 0
2554 2
2555 1
2556 4
2557 0
2558 2
2559 3
2560 2
2561 4
2562 3
2563 1
2564 1
2565 4
2566 3
2567 2
2568 4
2569 4
2570 1
2571 3
2572 2
2573 5
2574 5
2575 0
2576 0
2577 4
2578 2
2579 0
2580 3
2581 5
2582 4
2583 4
2584 0
2585 5
2586 2
2587 5
2588 4
2589 4
2590 0
2591 5
2592 5
2593 0
2594 4
2595 4
2596 0
2597 2
2598 2
2599 1
2600 0
2601 1
2602 0
2603 2
2604 3
2605 1
2606 0
2607 4
2608 3
2609 0
2610 2
2611 5
2612 0
2613 5
2614 4
2615 3
2616 1
2617 1
2618 3
2619 1
2620 4
2621 0
2622 1
2623 3
2624 4
2625 2
2626 5
2627 5
2628 2
2629 0
2630 4
2631 3
2632 3
2633 0
2634 2
2635 5
2636 4
2637 3
2638 4
2639 3
2640 2
2641 5
2642 3
2643 4
2644 0
2645 0
2646 2
2647 0
2648 5
2649 2
2650 5
2651 1
2652 0
2653 0
2654 0
2655 5
2656 4
2657 0
2658 2
2659 2
2660 2
2661 5
2662 3
2663 2
2664 5
2665 2
2666 2
2667 2
2668 2
2669 1
2670 2
2671 2
2672 3
2673 4
2674 3
2675 4
2676 2
2677 2
2678 2
2679 5
2680 2
2681 5
2682 3
2683 2
2684 5
2685 0
2686 3
2687 5
2688 0
2689 2
2690 2
2691 2
2692 3
2693 3
2694 4
2695 2
2696 4
2697 3
2698 1
2699 4
2700 3
2701 4
2702 0
2703 1
2704 0
2705 2
2706 4
2707 0
2708 0
2709 2
2710 3
2711 2
2712 2
2713 0
2714 0
2715 5
2716 4
2717 0
2718 2
2719 0
2720 4
2721 2
2722 4
2723 0
2724 0
2725 0
2726 2
2727 2
2728 1
2729 3
2730 0
2731 0
2732 0
2733 5
2734 5
2735 0
2736 2
2737 3
2738 0
2739 0
2740 2
2741 3
2742 2
2743 2
2744 2
2745 2
2746 5
2747 4
2748 5
2749 2
2750 4
2751 0
2752 4
2753 0
2754 4
2755 3
2756 3
2757 2
2758 5
2759 1
2760 0
2761 2
2762 4
2763 4
2764 0
2765 0
2766 2
2767 1
2768 2
2769 5
2770 0
2771 0
2772 4
2773 3
2774 5
2775 2
2776 5
2777 4
2778 5
2779 0
2780 1
2781 2
2782 3
2783 3
2784 3
2785 2
2786 5
2787 4
2788 0
2789 1
2790 2
2791 1
2792 2
2793 2
2794 2
2795 5
2796 4
2797 0
2798 4
2799 4
2800 2
2801 4
2802 2
2803 2
2804 3
2805 0
2806 3
2807 4
2808 4
2809 0
2810 5
2811 1
2812 3
2813 4
2814 2
2815 4
2816 0
2817 2
2818 3
2819 1
2820 0
2821 3
2822 1
2823 2
2824 1
2825 5
2826 2
2827 5
2828 4
2829 1
2830 4
2831 0
2832 5
2833 0
2834 1
2835 4
2836 1
2837 5
2838 4
2839 0
2840 2
2841 4
2842 2
2843 1
2844 2
2845 4
2846 5
2847 4
2848 2
2849 1
2850 0
2851 4
2852 3
2853 5
2854 0
2855 4
2856 0
2857 4
2858 2
2859 2
2860 0
2861 2
2862 3
2863 3
2864 0
2865 4
2866 5
2867 2
2868 0
2869 2
2870 4
2871 2
2872 0
2873 3
2874 4
2875 1
2876 2
2877 2
2878 3
2879 0
2880 2
2881 2
2882 5
2883 3
2884 0
2885 5
2886 2
2887 5
2888 5
2889 1
2890 0
2891 2
2892 2
2893 0
2894 1
2895 2
2896 2
2897 3
2898 4
2899 4
2900 4
2901 2
2902 0
2903 2
2904 3
2905 5
2906 3
2907 0
2908 2
2909 5
2910 1
2911 4
2912 1
2913 5
2914 2
2915 3
2916 4
2917 2
2918 5
2919 2
2920 3
2921 2
2922 2
2923 0
2924 3
2925 1
2926 0
2927 2
2928 0
2929 4
2930 1
2931 4
2932 0
2933 5
2934 3
2935 2
2936 2
2937 5
2938 2
2939 5
2940 5
2941 2
2942 0
2943 3
2944 2
2945 2
2946 4
2947 0
2948 2
2949 2
2950 0
2951 3
2952 5
2953 4
2954 2
2955 4
2956 5
2957 3
2958 4
2959 2
2960 0
2961 4
2962 1
2963 4
2964 1
2965 4
2966 0
2967 1
2968 4
2969 2
2970 2
2971 5
2972 2
2973 5
2974 0
2975 0
2976 2
2977 2
2978 1
2979 1
2980 5
2981 4
2982 2
2983 4
2984 5
2985 0
2986 4
2987 5
2988 0
2989 3
2990 3
2991 1
2992 0
2993 2
2994 4
2995 3
2996 2
2997 2
2998 2
2999 1
3000 5
3001 0
3002 4
3003 3
3004 4
3005 4
3006 5
3007 0
3008 5
3009 4
3010 4
3011 2
3012 0
3013 3
3014 1
3015 1
3016 5
3017 4
3018 3
3019 3
3020 4
3021 5
3022 3
3023 0
3024 4
3025 2
3026 0
3027 0
3028 2
3029 4
3030 2
3031 0
3032 4
3033 5
3034 0
3035 5
3036 0
3037 0
3038 4
3039 2
3040 0
3041 0
3042 4
3043 2
3044 3
3045 2
3046 5
3047 2
3048 0
3049 0
3050 0
3051 4
3052 2
3053 2
3054 5
3055 2
3056 3
3057 4
3058 3
3059 2
3060 2
3061 0
3062 4
3063 5
3064 5
3065 2
3066 4
3067 3
3068 0
3069 5
3070 2
3071 0
3072 4
3073 2
3074 3
3075 4
3076 1
3077 2
3078 2
3079 1
3080 4
3081 5
3082 0
3083 4
3084 0
3085 0
3086 0
3087 4
3088 0
3089 0
3090 1
3091 1
3092 0
3093 3
3094 2
3095 2
3096 0
3097 2
3098 2
3099 4
3100 2
3101 2
3102 4
3103 4
3104 0
3105 4
3106 3
3107 0
3108 4
3109 0
3110 5
3111 2
3112 2
3113 0
3114 2
3115 4
3116 3
3117 3
3118 5
3119 2
3120 4
3121 2
3122 2
3123 2
3124 2
3125 0
3126 0
3127 2
3128 4
3129 0
3130 3
3131 5
3132 2
3133 0
3134 3
3135 2
3136 5
3137 1
3138 2
3139 1
3140 3
3141 5
3142 0
3143 2
3144 0
3145 2
3146 1
3147 2
3148 3
3149 0
3150 0
3151 2
3152 4
3153 0
3154 1
3155 5
3156 3
3157 2
3158 4
3159 5
3160 3
3161 2
3162 0
3163 0
3164 3
3165 3
3166 1
3167 2
3168 2
3169 0
3170 4
3171 2
3172 0
3173 0
3174 4
3175 2
3176 2
3177 3
3178 0
3179 2
3180 2
3181 2
3182 0
3183 4
3184 5
3185 2
3186 5
3187 2
3188 0
3189 4
3190 0
3191 2
3192 4
3193 4
3194 4
3195 3
3196 4
3197 2
3198 1
3199 1
3200 3
3201 2
3202 5
3203 2
3204 5
3205 2
3206 5
3207 5
3208 2
3209 4
3210 0
3211 0
3212 1
3213 2
3214 0
3215 5
3216 0
3217 0
3218 2
3219 0
3220 5
3221 4
3222 3
3223 1
3224 2
3225 2
3226 4
3227 1
3228 4
3229 5
3230 0
3231 2
3232 0
3233 2
3234 0
3235 4
3236 5
3237 2
3238 2
3239 5
3240 5
3241 0
3242 0
3243 2
3244 4
3245 5
3246 2
3247 5
3248 0
3249 5
3250 4
3251 2
3252 4
3253 5
3254 4
3255 5
3256 2
3257 0
3258 0
3259 2
3260 0
3261 3
3262 0
3263 4
3264 0
3265 4
3266 0
3267 5
3268 4
3269 2
3270 4
3271 2
3272 3
3273 2
3274 2
3275 0
3276 3
3277 3
3278 4
3279 3
3280 3
3281 3
3282 2
3283 1
3284 3
3285 3
3286 5
3287 0
3288 5
3289 5
3290 4
3291 2
3292 2
3293 0
3294 2
3295 0
3296 5
3297 3
3298 1
3299 4
3300 2
3301 4
3302 2
3303 1
3304 0
3305 5
3306 0
3307 3
3308 0
3309 4
3310 3
3311 2
3312 2
3313 0
3314 2
3315 4
3316 2
3317 3
3318 5
3319 3
3320 0
3321 0
3322 2
3323 4
3324 0
3325 4
3326 0
3327 0
3328 4
3329 4
3330 4
3331 5
3332 5
3333 1
3334 5
3335 3
3336 4
3337 3
3338 2
3339 3
3340 4
3341 2
3342 0
3343 5
3344 0
3345 5
3346 4
3347 4
3348 3
3349 0
3350 5
3351 5
3352 2
3353 1
3354 0
3355 3
3356 5
3357 5
3358 2
3359 0
3360 2
3361 0
3362 0
3363 2
3364 3
3365 2
3366 2
3367 3
3368 5
3369 2
3370 3
3371 4
3372 4
3373 2
3374 2
3375 3
3376 1
3377 2
3378 2
3379 0
3380 3
3381 5
3382 0
3383 1
3384 2
3385 2
3386 3
3387 0
3388 2
3389 1
3390 2
3391 2
3392 3
3393 5
3394 0
3395 2
3396 5
3397 2
3398 0
3399 2
3400 5
3401 2
3402 5
3403 0
3404 2
3405 2
3406 2
3407 4
3408 2
3409 4
3410 5
3411 4
3412 2
3413 4
3414 4
3415 4
3416 3
3417 2
3418 4
3419 0
3420 2
3421 4
3422 4
3423 1
3424 0
3425 5
3426 2
3427 4
3428 5
3429 3
3430 2
3431 3
3432 3
3433 2
3434 5
3435 5
3436 3
3437 2
3438 1
3439 1
3440 2
3441 4
3442 2
3443 2
3444 0
3445 3
3446 5
3447 4
3448 2
3449 2
3450 5
3451 1
3452 4
3453 4
3454 4
3455 5
3456 0
3457 2
3458 5
3459 2
3460 0
3461 3
3462 0
3463 0
3464 0
3465 4
3466 2
3467 3
3468 2
3469 2
3470 4
3471 0
3472 3
3473 3
3474 3
3475 2
3476 2
3477 4
3478 0
3479 0
3480 5
3481 0
3482 3
3483 2
3484 5
3485 0
3486 5
3487 0
3488 4
3489 2
3490 0
3491 4
3492 1
3493 3
3494 5
3495 3
3496 3
3497 2
3498 5
3499 0
3500 0
3501 1
3502 4
3503 0
3504 2
3505 2
3506 0
3507 4
3508 4
3509 5
3510 4
3511 0
3512 2
3513 0
3514 4
3515 0
3516 5
3517 0
3518 1
3519 3
3520 3
3521 0
3522 2
3523 1
3524 2
3525 3
3526 4
3527 2
3528 2
3529 2
3530 2
3531 0
3532 5
3533 3
3534 0
3535 3
3536 3
3537 5
3538 3
3539 2
3540 0
3541 2
3542 4
3543 1
3544 0
3545 2
3546 5
3547 3
3548 0
3549 5
3550 0
3551 1
3552 0
3553 0
3554 0
3555 5
3556 2
3557 0
3558 5
3559 4
3560 0
3561 4
3562 0
3563 0
3564 2
3565 0
3566 2
3567 3
3568 0
3569 2
3570 2
3571 5
3572 2
3573 2
3574 2
3575 3
3576 0
3577 1
3578 2
3579 2
3580 2
3581 3
3582 5
3583 2
3584 4
3585 3
3586 2
3587 2
3588 0
3589 2
3590 0
3591 3
3592 0
3593 3
3594 5
3595 0
3596 1
3597 2
3598 5
3599 0
3600 0
3601 2
3602 1
3603 4
3604 3
3605 0
3606 4
3607 0
3608 0
3609 0
3610 2
3611 2
3612 0
3613 4
3614 5
3615 5
3616 1
3617 3
3618 2
3619 0
3620 2
3621 0
3622 3
3623 2
3624 3
3625 1
3626 1
3627 4
3628 0
3629 0
3630 2
3631 4
3632 4
3633 1
3634 1
3635 0
3636 4
3637 0
3638 0
3639 4
3640 4
3641 3
3642 3
3643 1
3644 5
3645 5
3646 1
3647 4
3648 0
3649 4
3650 4
3651 1
3652 0
3653 1
3654 4
3655 0
3656 4
3657 1
3658 1
3659 1
3660 1
3661 0
3662 4
3663 0
3664 0
3665 0
3666 5
3667 0
3668 0
3669 0
3670 3
3671 1
3672 3
3673 4
3674 0
3675 3
3676 3
3677 0
3678 3
3679 0
3680 1
3681 1
3682 1
3683 3
3684 1
3685 1
3686 1
3687 1
3688 1
3689 3
3690 4
3691 0
3692 5
3693 0
3694 5
3695 4
3696 5
3697 1
3698 4
3699 5
3700 5
3701 4
3702 5
3703 1
3704 1
3705 1
3706 3
3707 3
3708 1
3709 3
3710 5
3711 3
3712 1
3713 1
3714 0
3715 1
3716 0
3717 1
3718 1
3719 0
3720 1
3721 3
3722 0
3723 1
3724 1
3725 1
3726 5
3727 0
3728 1
3729 4
3730 5
3731 3
3732 0
3733 1
3734 4
3735 4
3736 4
3737 0
3738 1
3739 3
3740 1
3741 4
3742 5
3743 3
3744 3
3745 0
3746 0
3747 3
3748 0
3749 1
3750 0
3751 5
3752 1
3753 0
3754 1
3755 0
3756 0
3757 1
3758 4
3759 3
3760 0
3761 4
3762 1
3763 1
3764 4
3765 5
3766 0
3767 4
3768 1
3769 0
3770 0
3771 1
3772 1
3773 4
3774 1
3775 5
3776 5
3777 3
3778 0
3779 0
3780 5
3781 4
3782 3
3783 0
3784 4
3785 5
3786 4
3787 1
3788 0
3789 0
3790 1
3791 0
3792 1
3793 0
3794 5
3795 1
3796 1
3797 4
3798 0
3799 1
3800 5
3801 1
3802 3
3803 5
3804 4
3805 1
3806 0
3807 4
3808 3
3809 1
3810 0
3811 1
3812 0
3813 0
3814 0
3815 1
3816 1
3817 1
3818 4
3819 5
3820 3
3821 1
3822 5
3823 0
3824 3
3825 4
3826 0
3827 1
3828 1
3829 0
3830 1
3831 0
3832 1
3833 0
3834 4
3835 5
3836 5
3837 3
3838 5
3839 0
3840 0
3841 1
3842 1
3843 1
3844 4
3845 3
3846 0
3847 3
3848 3
3849 3
3850 3
3851 1
3852 1
3853 3
3854 3
3855 1
3856 3
3857 0
3858 1
3859 5
3860 1
3861 4
3862 1
3863 0
3864 1
3865 3
3866 1
3867 5
3868 5
3869 4
3870 5
3871 3
3872 0
3873 1
3874 1
3875 3
3876 0
3877 1
3878 4
3879 0
3880 4
3881 0
3882 4
3883 4
3884 0
3885 1
3886 1
3887 4
3888 0
3889 1
3890 1
3891 1
3892 3
3893 3
3894 0
3895 3
3896 1
3897 1
3898 3
3899 4
3900 3
3901 1
3902 1
3903 4
3904 0
3905 3
3906 0
3907 4
3908 3
3909 4
3910 3
3911 5
3912 5
3913 1
3914 1
3915 4
3916 0
3917 4
3918 0
3919 4
3920 0
3921 0
3922 3
3923 3
3924 5
3925 1
3926 4
3927 0
3928 0
3929 4
3930 1
3931 5
3932 3
3933 0
3934 3
3935 1
3936 4
3937 1
3938 4
3939 1
3940 4
3941 4
3942 0
3943 3
3944 1
3945 0
3946 1
3947 1
3948 1
3949 1
3950 1
3951 1
3952 4
3953 1
3954 3
3955 1
3956 4
3957 1
3958 1
3959 1
3960 0
3961 4
3962 4
3963 0
3964 1
3965 3
3966 1
3967 0
3968 1
3969 0
3970 1
3971 3
3972 1
3973 1
3974 1
3975 1
3976 5
3977 3
3978 5
3979 0
3980 1
3981 3
3982 1
3983 1
3984 1
3985 4
3986 5
3987 0
3988 0
3989 4
3990 4
3991 1
3992 3
3993 4
3994 0
3995 1
3996 0
3997 1
3998 0
3999 1
4000 0
4001 1
4002 5
4003 4
4004 0
4005 4
4006 0
4007 3
4008 0
4009 1
4010 4
4011 1
4012 1
4013 3
4014 0
4015 0
4016 3
4017 1
4018 4
4019 3
4020 1
4021 0
4022 4
4023 1
4024 1
4025 4
4026 1
4027 4
4028 4
4029 4
4030 1
4031 5
4032 1
4033 0
4034 1
4035 4
4036 0
4037 3
4038 1
4039 0
4040 0
4041 0
4042 4
4043 4
4044 0
4045 3
4046 1
4047 0
4048 0
4049 0
4050 4
4051 4
4052 1
4053 1
4054 1
4055 4
4056 4
4057 1
4058 1
4059 4
4060 3
4061 5
4062 4
4063 1
4064 1
4065 1
4066 1
4067 1
4068 1
4069 0
4070 1
4071 0
4072 1
4073 1
4074 4
4075 0
4076 5
4077 3
4078 4
4079 1
4080 3
4081 5
4082 1
4083 3
4084 0
4085 1
4086 4
4087 0
4088 1
4089 1
4090 4
4091 0
4092 0
4093 5
4094 3
4095 0
4096 1
4097 3
4098 1
4099 0
4100 3
4101 1
4102 0
4103 4
4104 0
4105 5
4106 3
4107 4
4108 1
4109 1
4110 1
4111 1
4112 1
4113 3
4114 1
4115 1
4116 5
4117 3
4118 3
4119 3
4120 1
4121 0
4122 0
4123 5
4124 3
4125 0
4126 3
4127 0
4128 1
4129 0
4130 5
4131 3
4132 1
4133 1
4134 4
4135 1
4136 0
4137 1
4138 4
4139 0
4140 1
4141 4
4142 4
4143 1
4144 5
4145 4
4146 4
4147 0
4148 1
4149 0
4150 4
4151 1
4152 0
4153 0
4154 1
4155 0
4156 3
4157 3
4158 0
4159 4
4160 0
4161 1
4162 1
4163 0
4164 1
4165 4
4166 4
4167 3
4168 0
4169 0
4170 4
4171 3
4172 3
4173 1
4174 1
4175 3
4176 4
4177 4
4178 5
4179 1
4180 0
4181 1
4182 4
4183 1
4184 3
4185 1
4186 4
4187 5
4188 1
4189 5
4190 3
4191 1
4192 5
4193 1
4194 0
4195 1
4196 1
4197 1
4198 5
4199 0
4200 1
4201 4
4202 0
4203 1
4204 5
4205 4
4206 1
4207 3
4208 3
4209 1
4210 0
4211 5
4212 1
4213 4
4214 1
4215 0
4216 0
4217 0
4218 0
4219 3
4220 3
4221 3
4222 0
4223 5
4224 4
4225 0
4226 1
4227 5
4228 0
4229 3
4230 5
4231 1
4232 1
4233 5
4234 0
4235 3
4236 0
4237 3
4238 3
4239 5
4240 0
4241 5
4242 5
4243 1
4244 0
4245 1
4246 1
4247 0
4248 3
4249 5
4250 5
4251 3
4252 5
4253 5
4254 5
4255 0
4256 1
4257 0
4258 5
4259 5
4260 3
4261 0
4262 1
4263 1
4264 3
4265 1
4266 1
4267 3
4268 5
4269 0
4270 0
4271 0
4272 5
4273 1
4274 1
4275 1
4276 1
4277 5
4278 1
4279 0
4280 0
4281 5
4282 1
4283 1
4284 0
4285 1
4286 0
4287 1
4288 3
4289 5
4290 0
4291 1
4292 5
4293 0
4294 5
4295 5
4296 3
4297 0
4298 5
4299 1
4300 1
4301 0
4302 0
4303 5
4304 3
4305 5
4306 0
4307 5
4308 1
4309 1
4310 0
4311 5
4312 3
4313 3
4314 5
4315 3
4316 1
4317 1
4318 5
4319 5
4320 1
4321 5
4322 1
4323 1
4324 1
4325 5
4326 1
4327 0
4328 1
4329 5
4330 0
4331 5
4332 5
4333 5
4334 3
4335 0
4336 1
4337 1
4338 1
4339 3
4340 1
4341 0
4342 1
4343 0
4344 0
4345 5
4346 0
4347 0
4348 1
4349 5
4350 1
4351 5
4352 0
4353 1
4354 1
4355 3
4356 1
4357 1
4358 0
4359 0
4360 1
4361 3
4362 0
4363 0
4364 3
4365 0
4366 0
4367 1
4368 1
4369 0
4370 5
4371 1
4372 0
4373 1
4374 1
4375 3
4376 1
4377 1
4378 5
4379 1
4380 5
4381 5
4382 5
4383 3
4384 0
4385 5
4386 3
4387 5
4388 3
4389 5
4390 1
4391 0
4392 3
4393 1
4394 1
4395 0
4396 1
4397 3
4398 5
4399 0
4400 0
4401 0
4402 1
4403 0
4404 1
4405 5
4406 5
4407 5
4408 0
4409 0
4410 1
4411 0
4412 1
4413 5
4414 1
4415 1
4416 0
4417 5
4418 5
4419 1
4420 5
4421 1
4422 5
4423 5
4424 1
4425 3
4426 5
4427 1
4428 0
4429 1
4430 5
4431 1
4432 5
4433 5
4434 5
4435 5
4436 1
4437 5
4438 0
4439 0
4440 3
4441 1
4442 5
4443 1
4444 0
4445 5
4446 0
4447 1
4448 1
4449 3
4450 0
4451 5
4452 1
4453 1
4454 1
4455 1
4456 1
4457 0
4458 5
4459 3
4460 1
4461 5
4462 1
4463 1
4464 0
4465 0
4466 0
4467 3
4468 3
4469 5
4470 0
4471 0
4472 1
4473 5
4474 5
4475 3
4476 0
4477 0
4478 1
4479 0
4480 5
4481 5
4482 5
4483 3
4484 5
4485 0
4486 3
4487 1
4488 5
4489 5
4490 1
4491 5
4492 3
4493 1
4494 3
4495 3
4496 5
4497 0
4498 5
4499 0
4500 1
4501 3
4502 5
4503 5
4504 5
4505 1
4506 5
4507 5
4508 1
4509 5
4510 5
4511 0
4512 3
4513 3
4514 0
4515 1
4516 0
4517 5
4518 5
4519 0
4520 5
4521 5
4522 0
4523 5
4524 0
4525 5
4526 1
4527 5
4528 5
4529 1
4530 1
4531 5
4532 0
4533 1
4534 0
4535 5
4536 1
4537 0
4538 5
4539 5
4540 5
4541 5
4542 0
4543 5
4544 3
4545 5
4546 5
4547 1
4548 0
4549 0
4550 5
4551 5
4552 1
4553 3
4554 5
4555 5
4556 1
4557 0
4558 1
4559 1
4560 5
4561 1
4562 5
4563 5
4564 1
4565 0
4566 0
4567 1
4568 0
4569 5
4570 1
4571 1
4572 0
4573 0
4574 3
4575 5
4576 1
4577 1
4578 5
4579 3
4580 1
4581 1
4582 5
4583 0
4584 1
4585 1
4586 1
4587 0
4588 0
4589 5
4590 0
4591 1
4592 5
4593 3
4594 3
4595 5
4596 0
4597 1
4598 1
4599 0
4600 5
4601 1
4602 1
4603 0
4604 5
4605 1
4606 1
4607 3
4608 5
4609 1
4610 0
4611 5
4612 5
4613 0
4614 5
4615 0
4616 5
4617 1
4618 3
4619 5
4620 5
4621 5
4622 0
4623 5
4624 0
4625 1
4626 1
4627 3
4628 1
4629 1
4630 5
4631 5
4632 5
4633 5
4634 3
4635 5
4636 5
4637 1
4638 5
4639 5
4640 0
4641 1
4642 5
4643 5
4644 3
4645 1
4646 5
4647 5
4648 1
4649 3
4650 5
4651 1
4652 1
4653 5
4654 5
4655 1
4656 3
4657 5
4658 5
4659 0
4660 3
4661 1
4662 3
4663 5
4664 0
4665 1
4666 0
4667 3
4668 3
4669 0
4670 0
4671 5
4672 1
4673 5
4674 5
4675 1
4676 5
4677 0
4678 1
4679 5
4680 1
4681 0
4682 5
4683 5
4684 0
4685 0
4686 1
4687 0
4688 5
4689 0
4690 5
4691 3
4692 5
4693 5
4694 3
4695 1
4696 0
4697 3
4698 3
4699 3
4700 1
4701 5
4702 0
4703 3
4704 1
4705 1
4706 5
4707 5
4708 0
4709 5
4710 3
4711 1
4712 3
4713 3
4714 3
4715 1
4716 3
4717 3
4718 1
4719 1
4720 3
4721 3
4722 1
4723 3
4724 3
4725 3
4726 1
4727 1
4728 1
4729 5
4730 1
4731 1
4732 3
4733 5
4734 3
4735 1
4736 3
4737 1
4738 5
4739 1
4740 1
4741 1
4742 3
4743 5
4744 1
4745 1
4746 5
4747 1
4748 3
4749 3
4750 3
4751 3
4752 1
4753 3
4754 3
4755 5
4756 3
4757 1
4758 1
4759 3
4760 1
4761 5
4762 3
4763 1
4764 3
4765 3
4766 3
4767 5
4768 1
4769 5
4770 3
4771 1
4772 3
4773 3
4774 1
4775 1
4776 1
4777 1
4778 3
4779 1
4780 5
4781 5
4782 3
4783 5
4784 1
4785 5
4786 1
4787 5
4788 1
4789 5
4790 1
4791 5
4792 3
4793 1
4794 5
4795 3
4796 1
4797 1
4798 3
4799 1
4800 1
4801 5
4802 1
4803 5
4804 3
4805 3
4806 5
4807 5
4808 3
4809 1
4810 3
4811 5
4812 5
4813 5
4814 3
4815 3
4816 3
4817 3
4818 3
4819 3
4820 3
4821 5
4822 5
4823 3
4824 5
4825 3
4826 3
4827 1
4828 3
4829 3
4830 5
4831 5
4832 1
4833 1
4834 5
4835 1
4836 1
4837 1
4838 5
4839 3
4840 5
4841 1
4842 5
4843 3
4844 1
4845 5
4846 1
4847 1
4848 1
4849 3
4850 5
4851 3
4852 1
4853 5
4854 5
4855 5
4856 1
4857 1
4858 3
4859 3
4860 3
4861 3
4862 1
4863 3
4864 3
4865 1
4866 1
4867 3
4868 3
4869 1
4870 1
4871 3
4872 5
4873 5
4874 3
4875 1
4876 5
4877 1
4878 3
4879 1
4880 1
4881 5
4882 5
4883 1
4884 3
4885 1
4886 1
4887 5
4888 3
4889 1
4890 1
4891 1
4892 5
4893 3
4894 3
4895 3
4896 5
4897 1
4898 3
4899 1
4900 1
4901 5
4902 3
4903 1
4904 3
4905 3
4906 5
4907 3
4908 5
4909 5
4910 3
4911 1
4912 1
4913 3
4914 5
4915 3
4916 3
4917 1
4918 5
4919 5
4920 5
4921 5
4922 3
4923 3
4924 3
4925 1
4926 5
4927 5
4928 3
4929 3
4930 3
4931 5
4932 5
4933 3
4934 5
4935 3
4936 5
4937 5
4938 1
4939 5
4940 3
4941 5
4942 3
4943 5
4944 3
4945 3
4946 1
4947 1
4948 3
4949 1
4950 1
4951 5
4952 5
4953 1
4954 1
4955 1
4956 3
4957 3
4958 3
4959 1
4960 1
4961 1
4962 1
4963 1
4964 3
4965 1
4966 5
4967 5
4968 1
4969 3
4970 1
4971 1
4972 3
4973 3
4974 1
4975 5
4976 1
4977 5
4978 5
4979 3
4980 5
4981 3
4982 5
4983 1
4984 1
4985 3
4986 5
4987 3
4988 1
4989 3
4990 1
4991 1
4992 3
4993 5
4994 1
4995 3
4996 3
4997 3
4998 3
4999 1
5000 1
5001 1
5002 1
5003 5
5004 3
5005 5
5006 5
5007 1
5008 3
5009 3
5010 3
5011 1
5012 1
5013 5
5014 3
5015 3
5016 3
5017 5
5018 3
5019 5
5020 3
5021 3
5022 3
5023 5
5024 3
5025 3
5026 3
5027 3
5028 3
5029 3
5030 3
5031 3
5032 5
5033 3
5034 1
5035 5
5036 3
5037 3
5038 5
5039 5
5040 3
5041 3
5042 5
5043 3
5044 5
5045 1
5046 5
5047 3
5048 1
5049 3
5050 3
5051 5
5052 3
5053 3
5054 5
5055 3
5056 3
5057 3
5058 3
5059 3
5060 5
5061 3
5062 5
5063 3
5064 1
5065 5
5066 3
5067 3
5068 3
5069 3
5070 5
5071 3
5072 5
5073 3
5074 3
5075 3
5076 3
5077 5
5078 3
5079 5
5080 3
5081 5
5082 5
5083 5
5084 3
5085 3
5086 3
5087 3
5088 3
5089 3
5090 1
5091 3
5092 5
5093 3
5094 3
5095 3
5096 3
5097 3
5098 3
5099 3
5100 5
5101 3
5102 3
5103 3
5104 3
5105 3
5106 3
5107 1
5108 3
5109 3
5110 3
5111 3
5112 3
5113 3
5114 3
5115 3
5116 3
5117 3
5118 3
5119 3
5120 3
5121 3
5122 3
5123 3
5124 1
5125 3
5126 5
5127 3
5128 3
5129 5
5130 3
5131 3
5132 1
5133 3
5134 3
5135 5
5136 3
5137 5
5138 5
5139 3
5140 3
5141 1
5142 3
5143 3
5144 3
5145 5
5146 3
5147 3
5148 3
5149 5
5150 3
5151 3
5152 3
5153 3
5154 3
5155 3
5156 5
5157 3
5158 3
5159 3
5160 3
5161 3
5162 3
5163 3
5164 3
5165 3
5166 3
5167 3
5168 3
5169 1
5170 3
5171 3
5172 3
5173 3
5174 3
5175 3
5176 3
5177 3
5178 5
5179 3
5180 3
5181 1
5182 3
5183 3
5184 5
5185 5
5186 3
5187 3
5188 3
5189 3
5190 3
5191 5
5192 3
5193 3
5194 3
5195 3
