0 1
1 1
2 2
3 1
4 1
5 1
6 1
7 1
8 1
9 1
10 1
11 1
12 1
13 1
14 1
15 2
16 1
17 6
18 1
19 1
20 1
21 1
22 1
23 1
24 1
25 1
26 1
27 1
28 1
29 1
30 1
31 1
32 1
33 1
34 1
35 1
36 1
37 1
38 1
39 1
40 1
41 1
42 1
43 1
44 1
45 1
46 1
47 1
48 1
49 1
50 1
51 1
52 1
53 1
54 1
55 4
56 1
57 1
58 1
59 1
60 1
61 2
62 1
63 1
64 1
65 1
66 0
67 4
68 1
69 1
70 1
71 1
72 1
73 1
74 1
75 2
76 1
77 1
78 1
79 1
80 1
81 1
82 1
83 6
84 4
85 1
86 1
87 1
88 1
89 1
90 1
91 1
92 1
93 1
94 1
95 1
96 1
97 1
98 1
99 1
100 1
101 1
102 1
103 1
104 2
105 1
106 1
107 1
108 1
109 1
110 1
111 1
112 1
113 1
114 1
115 1
116 1
117 1
118 1
119 1
120 1
121 1
122 1
123 1
124 1
125 1
126 1
127 1
128 1
129 1
130 1
131 1
132 1
133 1
134 1
135 1
136 1
137 1
138 1
139 1
140 1
141 1
142 1
143 1
144 1
145 1
146 1
147 1
148 1
149 1
150 1
151 1
152 1
153 1
154 1
155 1
156 1
157 1
158 0
159 1
160 1
161 1
162 4
163 1
164 1
165 1
166 1
167 1
168 1
169 1
170 4
171 4
172 4
173 4
174 4
175 4
176 4
177 4
178 4
179 4
180 4
181 2
182 4
183 4
184 4
185 4
186 4
187 4
188 3
189 4
190 4
191 4
192 4
193 4
194 4
195 4
196 4
197 4
198 4
199 4
200 4
201 4
202 4
203 4
204 4
205 4
206 4
207 4
208 4
209 4
210 4
211 4
212 4
213 4
214 3
215 3
216 4
217 3
218 4
219 4
220 4
221 4
222 4
223 4
224 4
225 4
226 4
227 4
228 4
229 4
230 4
231 5
232 2
233 0
234 0
235 2
236 0
237 0
238 3
239 3
240 3
241 3
242 3
243 3
244 0
245 4
246 4
247 4
248 4
249 4
250 2
251 0
252 1
253 4
254 6
255 2
256 2
257 6
258 0
259 1
260 4
261 4
262 4
263 4
264 1
265 2
266 2
267 2
268 2
269 2
270 2
271 2
272 2
273 2
274 2
275 2
276 2
277 2
278 2
279 2
280 2
281 2
282 2
283 2
284 2
285 2
286 2
287 3
288 2
289 2
290 2
291 2
292 2
293 2
294 2
295 2
296 2
297 2
298 2
299 2
300 2
301 1
302 2
303 2
304 2
305 2
306 2
307 2
308 2
309 0
310 0
311 0
312 0
313 0
314 0
315 0
316 0
317 0
318 0
319 0
320 0
321 0
322 0
323 0
324 1
325 1
326 1
327 1
328 1
329 1
330 1
331 4
332 1
333 5
334 5
335 5
336 5
337 2
338 2
339 6
340 2
341 4
342 6
343 6
344 6
345 6
346 6
347 0
348 6
349 2
350 0
351 6
352 6
353 6
354 6
355 6
356 5
357 6
358 2
359 5
360 0
361 6
362 6
363 1
364 5
365 5
366 6
367 2
368 5
369 6
370 6
371 5
372 5
373 6
374 5
375 5
376 0
377 2
378 2
379 2
380 4
381 2
382 2
383 2
384 2
385 2
386 2
387 6
388 2
389 4
390 2
391 2
392 2
393 2
394 2
395 2
396 2
397 4
398 2
399 2
400 2
401 2
402 2
403 2
404 2
405 2
406 6
407 2
408 2
409 2
410 2
411 2
412 2
413 2
414 2
415 4
416 2
417 2
418 2
419 2
420 2
421 2
422 2
423 2
424 2
425 2
426 2
427 4
428 2
429 2
430 2
431 2
432 2
433 2
434 2
435 2
436 2
437 2
438 2
439 2
440 2
441 2
442 2
443 2
444 2
445 2
446 0
447 0
448 0
449 0
450 0
451 0
452 0
453 0
454 5
455 0
456 0
457 0
458 0
459 0
460 0
461 0
462 1
463 1
464 1
465 1
466 1
467 3
468 3
469 3
470 3
471 6
472 2
473 5
474 2
475 1
476 1
477 3
478 3
479 0
480 0
481 0
482 0
483 0
484 0
485 0
486 0
487 0
488 0
489 0
490 0
491 0
492 0
493 0
494 5
495 5
496 5
497 5
498 0
499 0
500 0
501 0
502 0
503 0
504 0
505 3
506 6
507 6
508 2
509 3
510 3
511 3
512 3
513 6
514 3
515 6
516 3
517 0
518 3
519 6
520 6
521 6
522 6
523 6
524 0
525 0
526 6
527 6
528 5
529 5
530 5
531 5
532 5
533 5
534 5
535 5
536 5
537 5
538 5
539 5
540 5
541 5
542 5
543 5
544 5
545 5
546 5
547 6
548 5
549 5
550 5
551 6
552 6
553 6
554 6
555 6
556 6
557 6
558 6
559 6
560 6
561 2
562 6
563 6
564 6
565 6
566 6
567 6
568 6
569 6
570 2
571 6
572 2
573 6
574 6
575 6
576 6
577 6
578 6
579 2
580 2
581 2
582 2
583 3
584 2
585 2
586 2
587 2
588 2
589 2
590 3
591 2
592 2
593 2
594 2
595 2
596 2
597 2
598 2
599 2
600 2
601 2
602 2
603 2
604 2
605 2
606 2
607 2
608 2
609 2
610 2
611 2
612 2
613 2
614 2
615 2
616 2
617 2
618 2
619 2
620 2
621 2
622 2
623 2
624 2
625 2
626 2
627 2
628 2
629 2
630 2
631 2
632 2
633 0
634 0
635 0
636 0
637 0
638 0
639 2
640 2
641 0
642 0
643 0
644 0
645 0
646 0
647 0
648 0
649 0
650 0
651 0
652 0
653 0
654 3
655 3
656 3
657 3
658 3
659 3
660 2
661 3
662 3
663 3
664 3
665 3
666 3
667 3
668 3
669 3
670 3
671 3
672 6
673 3
674 5
675 6
676 5
677 5
678 0
679 6
680 6
681 6
682 5
683 5
684 0
685 0
686 5
687 5
688 0
689 5
690 2
691 2
692 0
693 0
694 2
695 0
696 0
697 0
698 0
699 6
700 0
701 0
702 0
703 0
704 0
705 6
706 0
707 0
708 6
709 3
710 3
711 3
712 3
713 6
714 2
715 2
716 2
717 2
718 1
719 2
720 2
721 1
722 4
723 2
724 2
725 2
726 2
727 2
728 2
729 2
730 2
731 2
732 2
733 4
734 2
735 2
736 3
737 2
738 2
739 2
740 0
741 2
742 2
743 2
744 4
745 3
746 3
747 2
748 2
749 2
750 3
751 4
752 2
753 1
754 2
755 2
756 1
757 2
758 2
759 2
760 6
761 6
762 0
763 0
764 2
765 0
766 2
767 5
768 6
769 5
770 2
771 6
772 2
773 3
774 2
775 6
776 0
777 0
778 6
779 6
780 5
781 6
782 0
783 6
784 6
785 0
786 3
787 6
788 6
789 6
790 6
791 3
792 6
793 5
794 6
795 0
796 0
797 6
798 6
799 0
800 4
801 2
802 2
803 6
804 2
805 0
806 0
807 0
808 5
809 0
810 6
811 3
812 3
813 2
814 2
815 2
816 3
817 3
818 3
819 2
820 2
821 3
822 2
823 2
824 2
825 2
826 3
827 2
828 2
829 2
830 2
831 4
832 2
833 3
834 2
835 2
836 2
837 2
838 2
839 2
840 3
841 3
842 3
843 3
844 2
845 3
846 6
847 3
848 6
849 3
850 3
851 6
852 5
853 0
854 4
855 4
856 4
857 2
858 4
859 6
860 4
861 4
862 4
863 6
864 6
865 5
866 5
867 5
868 5
869 5
870 5
871 5
872 5
873 6
874 6
875 6
876 6
877 2
878 6
879 3
880 6
881 6
882 6
883 6
884 6
885 6
886 6
887 6
888 1
889 0
890 6
891 0
892 0
893 0
894 0
895 0
896 0
897 0
898 3
899 3
900 3
901 3
902 3
903 6
904 2
905 2
906 2
907 2
908 2
909 2
910 2
911 2
912 2
913 2
914 2
915 0
916 0
917 0
918 0
919 6
920 6
921 6
922 1
923 6
924 6
925 6
926 6
927 2
928 2
929 2
930 2
931 2
932 4
933 4
934 2
935 4
936 4
937 4
938 4
939 1
940 4
941 4
942 4
943 4
944 2
945 4
946 2
947 4
948 4
949 4
950 4
951 0
952 4
953 4
954 4
955 2
956 1
957 4
958 4
959 4
960 4
961 4
962 4
963 4
964 4
965 4
966 4
967 4
968 4
969 4
970 4
971 4
972 4
973 4
974 4
975 6
976 4
977 2
978 4
979 4
980 4
981 2
982 4
983 4
984 0
985 4
986 4
987 4
988 4
989 4
990 6
991 6
992 3
993 6
994 6
995 6
996 6
997 0
998 0
999 0
1000 0
1001 0
1002 0
1003 0
1004 0
1005 0
1006 0
1007 0
1008 6
1009 0
1010 2
1011 0
1012 0
1013 2
1014 4
1015 4
1016 4
1017 4
1018 4
1019 6
1020 2
1021 5
1022 5
1023 5
1024 6
1025 0
1026 6
1027 6
1028 5
1029 5
1030 1
1031 0
1032 0
1033 2
1034 2
1035 2
1036 2
1037 6
1038 2
1039 2
1040 2
1041 2
1042 3
1043 3
1044 3
1045 2
1046 3
1047 3
1048 3
1049 3
1050 3
1051 3
1052 3
1053 3
1054 3
1055 3
1056 3
1057 2
1058 2
1059 2
1060 2
1061 3
1062 2
1063 2
1064 2
1065 2
1066 2
1067 3
1068 2
1069 2
1070 3
1071 3
1072 3
1073 3
1074 3
1075 5
1076 5
1077 5
1078 5
1079 6
1080 6
1081 5
1082 6
1083 6
1084 5
1085 5
1086 5
1087 5
1088 5
1089 6
1090 6
1091 2
1092 2
1093 4
1094 2
1095 6
1096 6
1097 2
1098 2
1099 2
1100 2
1101 2
1102 4
1103 4
1104 4
1105 4
1106 2
1107 2
1108 2
1109 2
1110 2
1111 2
1112 2
1113 2
1114 2
1115 2
1116 0
1117 1
1118 6
1119 6
1120 6
1121 5
1122 6
1123 5
1124 2
1125 6
1126 3
1127 5
1128 5
1129 5
1130 2
1131 6
1132 5
1133 5
1134 0
1135 6
1136 2
1137 2
1138 2
1139 5
1140 5
1141 5
1142 5
1143 5
1144 5
1145 5
1146 5
1147 5
1148 2
1149 2
1150 2
1151 2
1152 5
1153 6
1154 5
1155 6
1156 0
1157 3
1158 3
1159 5
1160 0
1161 6
1162 0
1163 0
1164 1
1165 1
1166 1
1167 1
1168 4
1169 1
1170 4
1171 1
1172 1
1173 1
1174 1
1175 1
1176 1
1177 4
1178 6
1179 6
1180 6
1181 6
1182 5
1183 5
1184 5
1185 3
1186 3
1187 3
1188 1
1189 2
1190 2
1191 2
1192 6
1193 6
1194 6
1195 3
1196 6
1197 0
1198 2
1199 0
1200 6
1201 6
1202 6
1203 6
1204 6
1205 6
1206 6
1207 6
1208 6
1209 6
1210 6
1211 0
1212 0
1213 0
1214 0
1215 0
1216 0
1217 0
1218 0
1219 0
1220 0
1221 0
1222 0
1223 2
1224 2
1225 6
1226 2
1227 2
1228 2
1229 2
1230 2
1231 2
1232 2
1233 2
1234 0
1235 2
1236 4
1237 0
1238 0
1239 6
1240 0
1241 5
1242 2
1243 2
1244 5
1245 5
1246 5
1247 5
1248 5
1249 6
1250 6
1251 5
1252 6
1253 5
1254 0
1255 6
1256 6
1257 6
1258 6
1259 6
1260 6
1261 6
1262 6
1263 6
1264 6
1265 6
1266 6
1267 6
1268 6
1269 6
1270 6
1271 6
1272 6
1273 6
1274 6
1275 6
1276 6
1277 3
1278 6
1279 6
1280 6
1281 6
1282 6
1283 6
1284 6
1285 6
1286 6
1287 6
1288 6
1289 6
1290 6
1291 2
1292 2
1293 2
1294 2
1295 2
1296 2
1297 2
1298 2
1299 2
1300 2
1301 2
1302 6
1303 6
1304 6
1305 6
1306 6
1307 2
1308 4
1309 1
1310 1
1311 1
1312 1
1313 1
1314 1
1315 1
1316 1
1317 1
1318 0
1319 1
1320 2
1321 2
1322 5
1323 5
1324 4
1325 4
1326 4
1327 4
1328 2
1329 2
1330 4
1331 6
1332 2
1333 4
1334 3
1335 2
1336 2
1337 2
1338 2
1339 2
1340 2
1341 2
1342 2
1343 2
1344 5
1345 5
1346 4
1347 4
1348 4
1349 6
1350 6
1351 1
1352 1
1353 1
1354 1
1355 1
1356 2
1357 2
1358 3
1359 3
1360 3
1361 3
1362 3
1363 3
1364 3
1365 3
1366 3
1367 3
1368 3
1369 0
1370 0
1371 0
1372 0
1373 5
1374 0
1375 0
1376 5
1377 0
1378 2
1379 6
1380 6
1381 2
1382 2
1383 2
1384 6
1385 6
1386 6
1387 6
1388 6
1389 6
1390 6
1391 1
1392 0
1393 0
1394 0
1395 0
1396 0
1397 3
1398 3
1399 3
1400 3
1401 3
1402 3
1403 3
1404 3
1405 3
1406 3
1407 2
1408 2
1409 2
1410 2
1411 2
1412 2
1413 2
1414 2
1415 2
1416 6
1417 2
1418 2
1419 2
1420 2
1421 2
1422 2
1423 3
1424 3
1425 3
1426 3
1427 3
1428 3
1429 3
1430 3
1431 3
1432 3
1433 3
1434 3
1435 3
1436 3
1437 3
1438 4
1439 3
1440 4
1441 4
1442 3
1443 3
1444 2
1445 1
1446 4
1447 1
1448 1
1449 4
1450 4
1451 0
1452 4
1453 2
1454 2
1455 2
1456 2
1457 2
1458 5
1459 3
1460 3
1461 3
1462 3
1463 3
1464 3
1465 3
1466 3
1467 3
1468 3
1469 3
1470 3
1471 3
1472 3
1473 6
1474 3
1475 3
1476 6
1477 3
1478 3
1479 3
1480 0
1481 4
1482 4
1483 4
1484 4
1485 1
1486 1
1487 1
1488 6
1489 6
1490 6
1491 6
1492 6
1493 2
1494 2
1495 2
1496 2
1497 1
1498 2
1499 2
1500 2
1501 2
1502 2
1503 2
1504 2
1505 6
1506 0
1507 0
1508 0
1509 0
1510 0
1511 0
1512 0
1513 0
1514 0
1515 0
1516 0
1517 0
1518 0
1519 0
1520 0
1521 0
1522 0
1523 0
1524 0
1525 6
1526 0
1527 0
1528 0
1529 0
1530 0
1531 2
1532 2
1533 6
1534 2
1535 6
1536 6
1537 6
1538 5
1539 5
1540 3
1541 3
1542 3
1543 3
1544 3
1545 3
1546 6
1547 1
1548 1
1549 1
1550 1
1551 1
1552 1
1553 1
1554 1
1555 1
1556 0
1557 0
1558 0
1559 6
1560 6
1561 0
1562 0
1563 6
1564 2
1565 2
1566 2
1567 0
1568 0
1569 0
1570 0
1571 6
1572 0
1573 0
1574 3
1575 3
1576 3
1577 3
1578 3
1579 3
1580 3
1581 3
1582 6
1583 3
1584 3
1585 2
1586 5
1587 6
1588 6
1589 3
1590 6
1591 3
1592 2
1593 2
1594 2
1595 3
1596 3
1597 3
1598 4
1599 6
1600 2
1601 2
1602 2
1603 2
1604 2
1605 2
1606 2
1607 2
1608 2
1609 6
1610 2
1611 2
1612 3
1613 3
1614 2
1615 2
1616 2
1617 2
1618 3
1619 2
1620 2
1621 1
1622 2
1623 2
1624 3
1625 6
1626 0
1627 2
1628 2
1629 2
1630 2
1631 6
1632 6
1633 6
1634 6
1635 6
1636 6
1637 6
1638 2
1639 1
1640 2
1641 2
1642 2
1643 2
1644 5
1645 2
1646 2
1647 2
1648 2
1649 4
1650 4
1651 2
1652 2
1653 6
1654 6
1655 4
1656 3
1657 4
1658 0
1659 0
1660 4
1661 2
1662 1
1663 1
1664 4
1665 4
1666 4
1667 4
1668 4
1669 4
1670 4
1671 4
1672 4
1673 4
1674 4
1675 6
1676 2
1677 4
1678 4
1679 6
1680 6
1681 6
1682 1
1683 1
1684 3
1685 3
1686 3
1687 0
1688 2
1689 2
1690 2
1691 2
1692 2
1693 2
1694 2
1695 3
1696 3
1697 3
1698 2
1699 0
1700 2
1701 6
1702 6
1703 2
1704 2
1705 2
1706 2
1707 2
1708 6
1709 2
1710 2
1711 2
1712 2
1713 2
1714 2
1715 3
1716 3
1717 3
1718 3
1719 3
1720 3
1721 3
1722 3
1723 3
1724 3
1725 3
1726 2
1727 2
1728 3
1729 6
1730 3
1731 2
1732 2
1733 2
1734 2
1735 2
1736 1
1737 2
1738 6
1739 6
1740 6
1741 2
1742 3
1743 3
1744 0
1745 6
1746 6
1747 2
1748 2
1749 2
1750 2
1751 2
1752 2
1753 2
1754 1
1755 1
1756 2
1757 2
1758 2
1759 2
1760 2
1761 2
1762 2
1763 2
1764 2
1765 2
1766 2
1767 2
1768 2
1769 1
1770 1
1771 2
1772 2
1773 2
1774 0
1775 0
1776 3
1777 3
1778 3
1779 3
1780 1
1781 2
1782 2
1783 2
1784 4
1785 4
1786 6
1787 3
1788 3
1789 3
1790 2
1791 3
1792 3
1793 6
1794 6
1795 3
1796 3
1797 3
1798 3
1799 3
1800 3
1801 3
1802 0
1803 6
1804 6
1805 3
1806 1
1807 1
1808 1
1809 1
1810 1
1811 1
1812 1
1813 1
1814 1
1815 3
1816 3
1817 3
1818 3
1819 3
1820 3
1821 2
1822 2
1823 0
1824 5
1825 5
1826 5
1827 5
1828 5
1829 5
1830 5
1831 5
1832 5
1833 2
1834 2
1835 3
1836 3
1837 3
1838 3
1839 3
1840 3
1841 3
1842 3
1843 3
1844 3
1845 2
1846 4
1847 2
1848 6
1849 3
1850 2
1851 2
1852 0
1853 0
1854 6
1855 1
1856 1
1857 1
1858 2
1859 2
1860 2
1861 6
1862 6
1863 1
1864 2
1865 2
1866 2
1867 2
1868 2
1869 5
1870 5
1871 3
1872 3
1873 1
1874 2
1875 2
1876 1
1877 3
1878 3
1879 6
1880 2
1881 6
1882 6
1883 2
1884 2
1885 4
1886 2
1887 1
1888 1
1889 5
1890 6
1891 6
1892 5
1893 6
1894 6
1895 6
1896 6
1897 2
1898 2
1899 2
1900 0
1901 0
1902 4
1903 3
1904 2
1905 4
1906 4
1907 1
1908 1
1909 1
1910 1
1911 2
1912 2
1913 3
1914 3
1915 3
1916 2
1917 2
1918 2
1919 1
1920 1
1921 2
1922 0
1923 0
1924 3
1925 3
1926 3
1927 3
1928 2
1929 2
1930 2
1931 2
1932 2
1933 2
1934 2
1935 3
1936 6
1937 1
1938 1
1939 1
1940 1
1941 1
1942 1
1943 1
1944 1
1945 1
1946 1
1947 1
1948 1
1949 1
1950 1
1951 1
1952 1
1953 1
1954 1
1955 1
1956 6
1957 0
1958 0
1959 1
1960 0
1961 0
1962 4
1963 1
1964 1
1965 6
1966 5
1967 5
1968 5
1969 2
1970 0
1971 1
1972 1
1973 1
1974 2
1975 2
1976 1
1977 1
1978 1
1979 6
1980 1
1981 2
1982 2
1983 1
1984 1
1985 5
1986 5
1987 5
1988 1
1989 2
1990 1
1991 1
1992 1
1993 1
1994 2
1995 0
1996 3
1997 5
1998 5
1999 2
2000 2
2001 5
2002 0
2003 5
2004 0
2005 6
2006 3
2007 3
2008 3
2009 3
2010 3
2011 3
2012 3
2013 3
2014 6
2015 1
2016 1
2017 5
2018 5
2019 6
2020 2
2021 6
2022 6
2023 6
2024 6
2025 2
2026 2
2027 1
2028 1
2029 4
2030 2
2031 6
2032 3
2033 3
2034 3
2035 3
2036 0
2037 0
2038 2
2039 2
2040 2
2041 2
2042 0
2043 4
2044 1
2045 1
2046 2
2047 3
2048 2
2049 2
2050 2
2051 4
2052 5
2053 5
2054 5
2055 3
2056 3
2057 3
2058 3
2059 3
2060 0
2061 0
2062 2
2063 2
2064 3
2065 3
2066 2
2067 3
2068 3
2069 3
2070 2
2071 0
2072 0
2073 0
2074 2
2075 2
2076 2
2077 4
2078 4
2079 5
2080 5
2081 2
2082 2
2083 6
2084 6
2085 3
2086 3
2087 3
2088 3
2089 2
2090 1
2091 2
2092 2
2093 2
2094 3
2095 3
2096 3
2097 2
2098 2
2099 0
2100 0
2101 1
2102 1
2103 1
2104 1
2105 1
2106 2
2107 2
2108 6
2109 1
2110 6
2111 2
2112 2
2113 1
2114 2
2115 6
2116 4
2117 2
2118 3
2119 0
2120 0
2121 3
2122 2
2123 6
2124 6
2125 3
2126 3
2127 3
2128 6
2129 2
2130 2
2131 2
2132 2
2133 2
2134 6
2135 2
2136 1
2137 1
2138 1
2139 0
2140 4
2141 4
2142 4
2143 0
2144 0
2145 1
2146 1
2147 1
2148 2
2149 2
2150 0
2151 0
2152 6
2153 1
2154 2
2155 2
2156 1
2157 1
2158 0
2159 0
2160 3
2161 3
2162 3
2163 2
2164 2
2165 3
2166 2
2167 1
2168 1
2169 3
2170 3
2171 3
2172 3
2173 3
2174 1
2175 0
2176 3
2177 3
2178 0
2179 0
2180 2
2181 2
2182 2
2183 2
2184 2
2185 2
2186 6
2187 1
2188 0
2189 0
2190 2
2191 2
2192 4
2193 2
2194 6
2195 1
2196 2
2197 2
2198 2
2199 2
2200 2
2201 2
2202 2
2203 3
2204 3
2205 3
2206 3
2207 0
2208 0
2209 0
2210 3
2211 3
2212 3
2213 3
2214 2
2215 2
2216 2
2217 6
2218 6
2219 0
2220 0
2221 2
2222 2
2223 2
2224 2
2225 6
2226 2
2227 2
2228 6
2229 6
2230 4
2231 1
2232 1
2233 1
2234 1
2235 3
2236 3
2237 3
2238 2
2239 2
2240 0
2241 6
2242 5
2243 5
2244 6
2245 3
2246 3
2247 2
2248 2
2249 6
2250 2
2251 2
2252 1
2253 1
2254 2
2255 0
2256 3
2257 1
2258 2
2259 1
2260 1
2261 1
2262 5
2263 5
2264 5
2265 4
2266 2
2267 2
2268 1
2269 1
2270 6
2271 6
2272 2
2273 6
2274 1
2275 3
2276 3
2277 3
2278 3
2279 3
2280 3
2281 3
2282 3
2283 2
2284 2
2285 2
2286 2
2287 2
2288 6
2289 5
2290 5
2291 3
2292 2
2293 2
2294 2
2295 2
2296 2
2297 2
2298 2
2299 5
2300 5
2301 2
2302 2
2303 2
2304 2
2305 2
2306 2
2307 2
2308 2
2309 6
2310 0
2311 6
2312 4
2313 2
2314 0
2315 2
2316 6
2317 6
2318 1
2319 2
2320 2
2321 6
2322 0
2323 1
2324 1
2325 1
2326 2
2327 2
2328 2
2329 2
2330 3
2331 3
2332 2
2333 4
2334 1
2335 1
2336 0
2337 0
2338 3
2339 3
2340 3
2341 3
2342 3
2343 3
2344 2
2345 2
2346 2
2347 5
2348 5
2349 5
2350 2
2351 2
2352 2
2353 2
2354 2
2355 2
2356 4
2357 1
2358 0
2359 2
2360 2
2361 3
2362 3
2363 3
2364 2
2365 2
2366 2
2367 2
2368 2
2369 2
2370 2
2371 2
2372 1
2373 1
2374 1
2375 3
2376 3
2377 3
2378 2
2379 5
2380 6
2381 6
2382 4
2383 3
2384 3
2385 2
2386 0
2387 1
2388 2
2389 2
2390 1
2391 2
2392 2
2393 2
2394 2
2395 2
2396 2
2397 2
2398 5
2399 2
2400 2
2401 2
2402 2
2403 2
2404 5
2405 5
2406 5
2407 5
2408 6
2409 2
2410 2
2411 4
2412 1
2413 1
2414 0
2415 3
2416 2
2417 2
2418 2
2419 0
2420 2
2421 1
2422 1
2423 1
2424 1
2425 5
2426 2
2427 2
2428 2
2429 2
2430 2
2431 6
2432 2
2433 2
2434 2
2435 2
2436 1
2437 6
2438 1
2439 2
2440 1
2441 1
2442 3
2443 3
2444 3
2445 1
2446 1
2447 1
2448 1
2449 0
2450 3
2451 5
2452 1
2453 1
2454 4
2455 2
2456 2
2457 0
2458 5
2459 3
2460 3
2461 6
2462 2
2463 2
2464 2
2465 2
2466 2
2467 2
2468 1
2469 3
2470 0
2471 0
2472 0
2473 2
2474 2
2475 2
2476 2
2477 2
2478 3
2479 2
2480 3
2481 3
2482 6
2483 2
2484 3
2485 2
2486 2
2487 2
2488 2
2489 2
2490 3
2491 3
2492 5
2493 6
2494 6
2495 1
2496 2
2497 1
2498 1
2499 1
2500 1
2501 1
2502 1
2503 1
2504 3
2505 5
2506 0
2507 0
2508 3
2509 3
2510 3
2511 2
2512 3
2513 2
2514 2
2515 3
2516 3
2517 3
2518 2
2519 2
2520 3
2521 3
2522 3
2523 5
2524 2
2525 6
2526 6
2527 1
2528 1
2529 1
2530 1
2531 1
2532 2
2533 1
2534 1
2535 1
2536 1
2537 1
2538 1
2539 1
2540 6
2541 2
2542 1
2543 1
2544 1
2545 1
2546 1
2547 1
2548 1
2549 1
2550 1
2551 1
2552 1
2553 1
2554 1
2555 1
2556 1
2557 1
2558 1
2559 1
2560 2
2561 2
2562 2
2563 2
2564 5
2565 2
2566 2
2567 2
2568 2
2569 2
2570 3
2571 3
2572 3
2573 3
2574 3
2575 3
2576 2
2577 2
2578 2
2579 2
2580 3
2581 3
2582 3
2583 2
2584 2
2585 2
2586 2
2587 3
2588 3
2589 3
2590 3
2591 3
2592 3
2593 3
2594 3
2595 3
2596 3
2597 3
2598 3
2599 3
2600 3
2601 3
2602 3
2603 3
2604 3
2605 3
2606 2
2607 2
2608 2
2609 3
2610 3
2611 3
2612 3
2613 3
2614 3
2615 3
2616 3
2617 2
2618 2
2619 3
2620 3
2621 3
2622 3
2623 3
2624 3
2625 3
2626 3
2627 3
2628 3
2629 3
2630 3
2631 3
2632 1
2633 1
2634 1
2635 2
2636 2
2637 2
2638 2
2639 2
2640 2
2641 2
2642 1
2643 5
2644 5
2645 1
2646 1
2647 1
2648 1
2649 0
2650 2
2651 2
2652 2
2653 2
2654 2
2655 2
2656 3
2657 3
2658 3
2659 2
2660 2
2661 2
2662 2
2663 2
2664 5
2665 2
2666 2
2667 2
2668 2
2669 3
2670 3
2671 2
2672 2
2673 2
2674 2
2675 2
2676 2
2677 2
2678 2
2679 2
2680 2
2681 2
2682 6
2683 6
2684 6
2685 6
2686 6
2687 2
2688 2
2689 2
2690 2
2691 2
2692 2
2693 2
2694 2
2695 2
2696 5
2697 5
2698 2
2699 2
2700 2
2701 2
2702 2
2703 2
2704 2
2705 2
2706 2
2707 2
