0 7
1 1
2 6
3 0
4 1
5 1
6 2
7 1
8 0
9 1
10 6
11 7
12 0
13 5
14 0
15 0
16 5
17 6
18 8
19 5
20 6
21 2
22 7
23 2
24 2
25 0
26 1
27 0
28 6
29 6
30 4
31 7
32 6
33 6
34 4
35 5
36 5
37 1
38 0
39 6
40 7
41 7
42 3
43 3
44 2
45 1
46 8
47 2
48 6
49 8
50 8
51 3
52 0
53 6
54 7
55 2
56 4
57 8
58 2
59 1
60 6
61 2
62 8
63 2
64 7
65 4
66 2
67 5
68 0
69 8
70 6
71 5
72 6
73 0
74 6
75 0
76 6
77 5
78 7
79 6
80 5
81 0
82 0
83 7
84 5
85 2
86 2
87 0
88 8
89 4
90 7
91 6
92 5
93 8
94 8
95 8
96 3
97 6
98 2
99 0
100 6
101 2
102 1
103 6
104 4
105 6
106 0
107 3
108 7
109 8
110 4
111 1
112 0
113 4
114 5
115 4
116 2
117 5
118 0
119 8
120 8
121 0
122 8
123 8
124 2
125 7
126 1
127 2
128 4
129 7
130 5
131 2
132 2
133 6
134 6
135 4
136 6
137 6
138 5
139 2
140 8
141 0
142 5
143 3
144 6
145 7
146 8
147 8
148 5
149 4
150 4
151 6
152 5
153 4
154 2
155 6
156 1
157 0
158 3
159 0
160 7
161 6
162 3
163 5
164 1
165 8
166 7
167 5
168 5
169 1
170 6
171 4
172 6
173 4
174 0
175 0
176 7
177 0
178 2
179 5
180 4
181 6
182 1
183 6
184 1
185 6
186 3
187 5
188 2
189 6
190 5
191 0
192 7
193 0
194 1
195 8
196 5
197 4
198 7
199 8
200 5
201 6
202 1
203 5
204 1
205 6
206 0
207 6
208 0
209 3
210 7
211 4
212 5
213 6
214 6
215 6
216 6
217 6
218 3
219 8
220 6
221 8
222 5
223 2
224 6
225 5
226 6
227 4
228 4
229 0
230 3
231 0
232 2
233 6
234 4
235 0
236 1
237 1
238 7
239 5
240 6
241 1
242 4
243 4
244 2
245 8
246 5
247 1
248 0
249 5
250 0
251 2
252 0
253 4
254 5
255 5
256 8
257 5
258 6
259 1
260 7
261 4
262 3
263 0
264 1
265 8
266 6
267 5
268 3
269 3
270 2
271 2
272 2
273 6
274 4
275 1
276 4
277 1
278 0
279 0
280 4
281 6
282 8
283 5
284 4
285 6
286 4
287 0
288 0
289 1
290 8
291 3
292 6
293 1
294 8
295 5
296 3
297 4
298 2
299 6
300 6
301 6
302 4
303 8
304 5
305 0
306 4
307 6
308 8
309 6
310 4
311 3
312 4
313 0
314 8
315 0
316 4
317 6
318 0
319 3
320 0
321 3
322 5
323 0
324 5
325 2
326 2
327 4
328 0
329 0
330 8
331 3
332 0
333 1
334 0
335 6
336 8
337 2
338 6
339 0
340 1
341 5
342 6
343 7
344 3
345 0
346 4
347 6
348 3
349 4
350 8
351 4
352 0
353 4
354 5
355 8
356 3
357 2
358 0
359 5
360 4
361 6
362 8
363 3
364 3
365 8
366 4
367 3
368 3
369 4
370 5
371 6
372 0
373 7
374 3
375 4
376 2
377 4
378 6
379 8
380 4
381 3
382 4
383 4
384 3
385 5
386 1
387 6
388 3
389 5
390 6
391 5
392 6
393 2
394 3
395 2
396 0
397 2
398 2
399 6
400 2
401 6
402 5
403 2
404 0
405 6
406 4
407 6
408 0
409 2
410 1
411 1
412 0
413 6
414 6
415 2
416 0
417 0
418 0
419 1
420 4
421 0
422 4
423 0
424 6
425 6
426 4
427 0
428 3
429 8
430 5
431 7
432 0
433 4
434 3
435 8
436 8
437 6
438 1
439 6
440 4
441 0
442 0
443 0
444 0
445 1
446 4
447 6
448 4
449 6
450 5
451 2
452 0
453 5
454 6
455 8
456 6
457 6
458 4
459 6
460 6
461 4
462 0
463 7
464 0
465 5
466 0
467 6
468 3
469 2
470 3
471 5
472 1
473 4
474 6
475 2
476 4
477 1
478 3
479 0
480 6
481 0
482 6
483 0
484 4
485 0
486 4
487 8
488 1
489 0
490 4
491 5
492 4
493 6
494 0
495 7
496 7
497 6
498 3
499 8
500 5
501 2
502 3
503 3
504 7
505 6
506 4
507 5
508 8
509 5
510 8
511 1
512 1
513 4
514 8
515 1
516 4
517 7
518 6
519 8
520 2
521 3
522 6
523 0
524 8
525 4
526 0
527 3
528 1
529 4
530 4
531 3
532 4
533 6
534 0
535 3
536 8
537 0
538 6
539 6
540 5
541 4
542 4
543 5
544 3
545 3
546 8
547 2
548 5
549 7
550 7
551 3
552 6
553 6
554 6
555 8
556 7
557 0
558 3
559 6
560 3
561 0
562 4
563 8
564 7
565 3
566 1
567 1
568 1
569 6
570 5
571 8
572 8
573 1
574 2
575 8
576 7
577 7
578 6
579 4
580 0
581 1
582 8
583 7
584 6
585 1
586 3
587 7
588 6
589 7
590 1
591 0
592 4
593 7
594 7
595 6
596 0
597 3
598 5
599 8
600 5
601 6
602 7
603 8
604 4
605 2
606 8
607 1
608 5
609 7
610 0
611 3
612 6
613 2
614 8
615 5
616 3
617 1
618 6
619 7
620 0
621 7
622 0
623 5
624 4
625 1
626 6
627 6
628 0
629 2
630 0
631 1
632 7
633 2
634 0
635 3
636 2
637 3
638 0
639 6
640 6
641 0
642 1
643 2
644 5
645 0
646 6
647 6
648 8
649 5
650 4
651 4
652 3
653 2
654 6
655 7
656 3
657 0
658 4
659 4
660 8
661 1
662 1
663 5
664 2
665 3
666 4
667 3
668 8
669 4
670 6
671 4
672 8
673 6
674 5
675 1
676 4
677 7
678 3
679 4
680 1
681 8
682 6
683 1
684 4
685 4
686 7
687 3
688 3
689 1
690 6
691 7
692 0
693 8
694 6
695 7
696 0
697 3
698 2
699 3
700 8
701 6
702 8
703 5
704 6
705 8
706 7
707 6
708 3
709 8
710 2
711 8
712 6
713 0
714 5
715 6
716 6
717 6
718 8
719 5
720 0
721 4
722 6
723 6
724 1
725 6
726 0
727 4
728 8
729 5
730 8
731 0
732 5
733 4
734 6
735 6
736 0
737 3
738 0
739 5
740 5
741 0
742 1
743 6
744 5
745 6
746 0
747 7
748 5
749 1
750 7
751 2
752 4
753 7
754 2
755 6
756 5
757 4
758 0
759 4
760 3
761 4
762 0
763 0
764 6
765 7
766 4
767 8
768 6
769 8
770 6
771 0
772 3
773 0
774 0
775 3
776 1
777 1
778 1
779 8
780 5
781 8
782 8
783 8
784 1
785 4
786 6
787 0
788 6
789 0
790 6
791 0
792 1
793 6
794 4
795 7
796 8
797 0
798 6
799 5
800 3
801 0
802 7
803 2
804 6
805 8
806 3
807 1
808 6
809 0
810 7
811 1
812 7
813 0
814 2
815 8
816 5
817 0
818 3
819 4
820 5
821 6
822 2
823 1
824 1
825 0
826 1
827 6
828 4
829 1
830 2
831 2
832 4
833 4
834 6
835 4
836 7
837 2
838 5
839 5
840 2
841 7
842 5
843 5
844 4
845 8
846 6
847 8
848 7
849 6
850 2
851 6
852 0
853 5
854 0
855 0
856 3
857 4
858 4
859 5
860 0
861 8
862 8
863 6
864 3
865 8
866 1
867 4
868 3
869 5
870 7
871 1
872 8
873 0
874 1
875 2
876 4
877 0
878 8
879 1
880 8
881 0
882 4
883 3
884 3
885 2
886 6
887 8
888 7
889 6
890 3
891 8
892 6
893 6
894 0
895 1
896 7
897 3
898 2
899 0
900 6
901 2
902 6
903 6
904 6
905 1
906 6
907 1
908 0
909 6
910 5
911 5
912 2
913 4
914 1
915 1
916 0
917 1
918 8
919 4
920 0
921 6
922 8
923 6
924 0
925 5
926 8
927 0
928 4
929 5
930 0
931 8
932 3
933 3
934 5
935 5
936 1
937 3
938 6
939 1
940 7
941 6
942 3
943 1
944 1
945 2
946 1
947 7
948 2
949 7
950 6
951 5
952 0
953 6
954 3
955 6
956 0
957 6
958 5
959 5
960 8
961 4
962 7
963 8
964 0
965 8
966 6
967 7
968 6
969 7
970 4
971 3
972 7
973 7
974 0
975 7
976 0
977 6
978 8
979 0
980 3
981 6
982 2
983 0
984 4
985 7
986 6
987 6
988 8
989 6
990 6
991 2
992 3
993 5
994 1
995 3
996 8
997 2
998 5
999 4
1000 3
1001 1
1002 6
1003 3
1004 1
1005 2
1006 1
1007 8
1008 7
1009 7
1010 1
1011 6
1012 2
1013 7
1014 1
1015 1
1016 4
1017 1
1018 2
1019 3
1020 2
1021 2
1022 0
1023 5
1024 0
1025 0
1026 8
1027 0
1028 1
1029 7
1030 5
1031 6
1032 2
1033 5
1034 6
1035 7
1036 5
1037 8
1038 5
1039 8
1040 3
1041 6
1042 7
1043 8
1044 1
1045 7
1046 4
1047 3
1048 2
1049 5
1050 8
1051 6
1052 1
1053 6
1054 7
1055 4
1056 8
1057 4
1058 0
1059 1
1060 6
1061 5
1062 7
1063 1
1064 6
1065 7
1066 1
1067 4
1068 1
1069 1
1070 6
1071 0
1072 8
1073 0
1074 8
1075 2
1076 1
1077 2
1078 7
1079 1
1080 1
1081 6
1082 1
1083 5
1084 6
1085 6
1086 3
1087 3
1088 8
1089 8
1090 1
1091 0
1092 2
1093 3
1094 4
1095 3
1096 7
1097 1
1098 6
1099 4
1100 6
1101 6
1102 0
1103 6
1104 5
1105 7
1106 8
1107 0
1108 2
1109 6
1110 3
1111 4
1112 6
1113 7
1114 8
1115 7
1116 2
1117 3
1118 8
1119 3
1120 8
1121 2
1122 5
1123 6
1124 8
1125 8
1126 2
1127 1
1128 1
1129 0
1130 6
1131 3
1132 6
1133 6
1134 8
1135 2
1136 0
1137 1
1138 6
1139 3
1140 6
1141 1
1142 7
1143 5
1144 6
1145 7
1146 1
1147 1
1148 3
1149 6
1150 5
1151 1
1152 1
1153 1
1154 0
1155 7
1156 0
1157 4
1158 0
1159 0
1160 3
1161 8
1162 1
1163 1
1164 0
1165 6
1166 8
1167 0
1168 2
1169 6
1170 7
1171 2
1172 1
1173 3
1174 2
1175 1
1176 0
1177 4
1178 6
1179 6
1180 5
1181 0
1182 3
1183 8
1184 1
1185 2
1186 3
1187 2
1188 6
1189 1
1190 0
1191 8
1192 6
1193 3
1194 6
1195 5
1196 3
1197 8
1198 6
1199 1
1200 7
1201 7
1202 1
1203 2
1204 5
1205 6
1206 5
1207 8
1208 0
1209 6
1210 0
1211 6
1212 0
1213 6
1214 3
1215 6
1216 0
1217 5
1218 0
1219 7
1220 6
1221 1
1222 2
1223 0
1224 1
1225 1
1226 7
1227 7
1228 1
1229 8
1230 0
1231 2
1232 0
1233 6
1234 1
1235 7
1236 7
1237 7
1238 0
1239 6
1240 3
1241 0
1242 8
1243 6
1244 0
1245 1
1246 7
1247 3
1248 5
1249 6
1250 4
1251 6
1252 5
1253 3
1254 2
1255 1
1256 6
1257 7
1258 7
1259 3
1260 5
1261 5
1262 1
1263 4
1264 2
1265 1
1266 7
1267 6
1268 1
1269 3
1270 1
1271 0
1272 7
1273 5
1274 5
1275 0
1276 6
1277 6
1278 0
1279 6
1280 8
1281 1
1282 3
1283 8
1284 2
1285 8
1286 6
1287 4
1288 3
1289 0
1290 1
1291 8
1292 2
1293 8
1294 6
1295 5
1296 2
1297 6
1298 1
1299 0
1300 4
1301 0
1302 7
1303 5
1304 7
1305 1
1306 4
1307 6
1308 0
1309 4
1310 8
1311 6
1312 0
1313 2
1314 6
1315 7
1316 3
1317 5
1318 1
1319 3
1320 0
1321 3
1322 6
1323 1
1324 1
1325 7
1326 6
1327 4
1328 2
1329 5
1330 5
1331 7
1332 8
1333 4
1334 0
1335 6
1336 6
1337 8
1338 0
1339 5
1340 0
1341 6
1342 5
1343 2
1344 8
1345 4
1346 3
1347 1
1348 6
1349 5
1350 1
1351 0
1352 1
1353 8
1354 3
1355 7
1356 0
1357 0
1358 6
1359 2
1360 8
1361 8
1362 7
1363 8
1364 8
1365 8
1366 7
1367 8
1368 8
1369 7
1370 7
1371 5
1372 6
1373 1
1374 1
1375 0
1376 3
1377 0
1378 6
1379 8
1380 8
1381 7
1382 2
1383 7
1384 8
1385 1
1386 1
1387 1
1388 6
1389 4
1390 3
1391 5
1392 7
1393 2
1394 7
1395 3
1396 3
1397 0
1398 8
1399 0
1400 6
1401 0
1402 1
1403 6
1404 6
1405 4
1406 6
1407 6
1408 6
1409 8
1410 7
1411 2
1412 0
1413 3
1414 2
1415 2
1416 8
1417 3
1418 4
1419 0
1420 1
1421 2
1422 5
1423 1
1424 0
1425 1
1426 3
1427 6
1428 1
1429 8
1430 5
1431 3
1432 7
1433 1
1434 8
1435 4
1436 1
1437 5
1438 8
1439 1
1440 0
1441 5
1442 3
1443 8
1444 0
1445 0
1446 1
1447 8
1448 1
1449 3
1450 7
1451 3
1452 1
1453 1
1454 0
1455 7
1456 4
1457 0
1458 0
1459 7
1460 2
1461 2
1462 4
1463 0
1464 3
1465 8
1466 7
1467 8
1468 1
1469 8
1470 2
1471 8
1472 3
1473 5
1474 4
1475 5
1476 2
1477 4
1478 0
1479 6
1480 8
1481 2
1482 5
1483 0
1484 8
1485 3
1486 2
1487 7
1488 8
1489 6
1490 5
1491 5
1492 4
1493 6
1494 5
1495 3
1496 3
1497 0
1498 0
1499 8
1500 0
1501 0
1502 1
1503 3
1504 6
1505 7
1506 0
1507 6
1508 6
1509 4
1510 7
1511 0
1512 4
1513 0
1514 0
1515 6
1516 0
1517 7
1518 4
1519 8
1520 2
1521 7
1522 5
1523 0
1524 1
1525 6
1526 2
1527 8
1528 1
1529 1
1530 6
1531 6
1532 6
1533 6
1534 5
1535 8
1536 8
1537 6
1538 0
1539 8
1540 6
1541 3
1542 1
1543 6
1544 2
1545 6
1546 6
1547 0
1548 6
1549 7
1550 7
1551 1
1552 5
1553 6
1554 1
1555 0
1556 0
1557 5
1558 0
1559 1
1560 7
1561 6
1562 3
1563 3
1564 0
1565 3
1566 7
1567 6
1568 4
1569 7
1570 6
1571 5
1572 5
1573 6
1574 8
1575 7
1576 0
1577 0
1578 4
1579 1
1580 1
1581 5
1582 0
1583 1
1584 8
1585 8
1586 6
1587 8
1588 6
1589 7
1590 8
1591 7
1592 6
1593 6
1594 6
1595 0
1596 8
1597 1
1598 8
1599 5
1600 7
1601 5
1602 8
1603 2
1604 2
1605 7
1606 4
1607 1
1608 7
1609 6
1610 0
1611 6
1612 1
1613 3
1614 1
1615 8
1616 0
1617 7
1618 8
1619 2
1620 2
1621 7
1622 3
1623 6
1624 6
1625 0
1626 7
1627 6
1628 8
1629 1
1630 0
1631 3
1632 7
1633 1
1634 1
1635 3
1636 1
1637 8
1638 0
1639 2
1640 5
1641 8
1642 1
1643 1
1644 1
1645 2
1646 0
1647 3
1648 0
1649 0
1650 1
1651 8
1652 8
1653 6
1654 7
1655 7
1656 3
1657 1
1658 0
1659 0
1660 0
1661 1
1662 1
1663 0
1664 3
1665 5
1666 7
1667 6
1668 3
1669 0
1670 3
1671 6
1672 6
1673 8
1674 3
1675 1
1676 2
1677 1
1678 6
1679 1
1680 1
1681 0
1682 8
1683 2
1684 6
1685 2
1686 3
1687 0
1688 7
1689 0
1690 3
1691 7
1692 3
1693 1
1694 7
1695 8
1696 8
1697 5
1698 8
1699 8
1700 8
1701 6
1702 5
1703 1
1704 5
1705 2
1706 6
1707 4
1708 7
1709 1
1710 0
1711 1
1712 1
1713 3
1714 3
1715 6
1716 6
1717 8
1718 1
1719 3
1720 5
1721 0
1722 7
1723 1
1724 3
1725 6
1726 0
1727 1
1728 8
1729 8
1730 8
1731 7
1732 2
1733 1
1734 4
1735 4
1736 3
1737 5
1738 2
1739 8
1740 6
1741 3
1742 1
1743 4
1744 0
1745 1
1746 3
1747 0
1748 2
1749 6
1750 6
1751 0
1752 5
1753 3
1754 7
1755 0
1756 2
1757 6
1758 8
1759 8
1760 8
1761 0
1762 2
1763 1
1764 1
1765 1
1766 6
1767 0
1768 1
1769 6
1770 7
1771 7
1772 7
1773 6
1774 0
1775 3
1776 3
1777 7
1778 6
1779 8
1780 5
1781 4
1782 4
1783 8
1784 1
1785 3
1786 8
1787 5
1788 4
1789 6
1790 2
1791 8
1792 8
1793 8
1794 0
1795 6
1796 5
1797 2
1798 8
1799 1
1800 0
1801 3
1802 8
1803 8
1804 8
1805 1
1806 6
1807 7
1808 6
1809 4
1810 7
1811 0
1812 3
1813 2
1814 0
1815 3
1816 2
1817 3
1818 7
1819 6
1820 6
1821 8
1822 1
1823 5
1824 7
1825 5
1826 5
1827 6
1828 0
1829 7
1830 1
1831 3
1832 6
1833 1
1834 2
1835 3
1836 0
1837 6
1838 5
1839 6
1840 5
1841 2
1842 0
1843 3
1844 2
1845 8
1846 8
1847 3
1848 6
1849 7
1850 1
1851 2
1852 6
1853 0
1854 1
1855 2
1856 8
1857 2
1858 4
1859 6
1860 0
1861 0
1862 1
1863 2
1864 1
1865 7
1866 8
1867 6
1868 7
1869 7
1870 5
1871 7
1872 7
1873 4
1874 0
1875 3
1876 2
1877 0
1878 0
1879 7
1880 8
1881 1
1882 1
1883 6
1884 0
1885 0
1886 3
1887 2
1888 6
1889 1
1890 6
1891 7
1892 7
1893 0
1894 6
1895 2
1896 8
1897 5
1898 0
1899 4
1900 8
1901 8
1902 8
1903 8
1904 5
1905 0
1906 3
1907 8
1908 3
1909 3
1910 0
1911 6
1912 4
1913 5
1914 4
1915 1
1916 4
1917 1
1918 5
1919 3
1920 0
1921 2
1922 6
1923 3
1924 5
1925 2
1926 1
1927 5
1928 7
1929 1
1930 8
1931 7
1932 7
1933 0
1934 6
1935 7
1936 4
1937 1
1938 1
1939 5
1940 0
1941 6
1942 3
1943 2
1944 3
1945 3
1946 7
1947 3
1948 7
1949 1
1950 3
1951 5
1952 7
1953 0
1954 6
1955 8
1956 7
1957 4
1958 4
1959 6
1960 7
1961 7
1962 5
1963 0
1964 8
1965 1
1966 0
1967 5
1968 8
1969 3
1970 6
1971 3
1972 6
1973 8
1974 6
1975 8
1976 4
1977 1
1978 4
1979 6
1980 7
1981 7
1982 0
1983 1
1984 7
1985 8
1986 3
1987 7
1988 7
1989 8
1990 0
1991 0
1992 6
1993 3
1994 4
1995 1
1996 6
1997 6
1998 2
1999 0
2000 5
2001 3
2002 8
2003 7
2004 7
2005 5
2006 6
2007 8
2008 7
2009 2
2010 6
2011 7
2012 7
2013 8
2014 2
2015 0
2016 1
2017 7
2018 1
2019 7
2020 8
2021 5
2022 0
2023 0
2024 5
2025 3
2026 6
2027 7
2028 0
2029 1
2030 3
2031 1
2032 3
2033 1
2034 1
2035 0
2036 1
2037 3
2038 4
2039 1
2040 3
2041 8
2042 4
2043 8
2044 6
2045 7
2046 8
2047 6
2048 1
2049 0
2050 5
2051 5
2052 5
2053 6
2054 0
2055 8
2056 3
2057 0
2058 6
2059 6
2060 3
2061 7
2062 3
2063 7
2064 7
2065 8
2066 3
2067 2
2068 6
2069 4
2070 0
2071 8
2072 2
2073 6
2074 0
2075 3
2076 5
2077 0
2078 6
2079 0
2080 7
2081 6
2082 0
2083 2
2084 6
2085 2
2086 2
2087 1
2088 8
2089 2
2090 0
2091 7
2092 4
2093 7
2094 6
2095 0
2096 0
2097 8
2098 6
2099 1
2100 7
2101 7
2102 6
2103 7
2104 6
2105 4
2106 6
2107 0
2108 8
2109 8
2110 6
2111 6
2112 8
2113 1
2114 7
2115 0
2116 3
2117 7
2118 8
2119 7
2120 5
2121 7
2122 1
2123 2
2124 3
2125 6
2126 2
2127 3
2128 8
2129 4
2130 1
2131 5
2132 0
2133 2
2134 3
2135 7
2136 1
2137 5
2138 1
2139 2
2140 2
2141 1
2142 7
2143 6
2144 0
2145 1
2146 6
2147 2
2148 2
2149 1
2150 3
2151 8
2152 8
2153 7
2154 1
2155 1
2156 3
2157 8
2158 5
2159 1
2160 3
2161 8
2162 1
2163 1
2164 7
2165 4
2166 8
2167 2
2168 7
2169 3
2170 8
2171 5
2172 8
2173 8
2174 0
2175 5
2176 1
2177 4
2178 7
2179 4
2180 7
2181 4
2182 6
2183 0
2184 2
2185 5
2186 8
2187 7
2188 0
2189 5
2190 8
2191 8
2192 4
2193 0
2194 0
2195 1
2196 8
2197 0
2198 8
2199 6
2200 2
2201 5
2202 3
2203 1
2204 1
2205 2
2206 7
2207 6
2208 0
2209 2
2210 1
2211 6
2212 8
2213 6
2214 6
2215 0
2216 0
2217 6
2218 4
2219 0
2220 7
2221 6
2222 5
2223 1
2224 6
2225 7
2226 0
2227 6
2228 0
2229 1
2230 2
2231 1
2232 2
2233 6
2234 7
2235 5
2236 3
2237 1
2238 0
2239 1
2240 1
2241 7
2242 7
2243 8
2244 5
2245 4
2246 6
2247 3
2248 7
2249 7
2250 3
2251 0
2252 1
2253 8
2254 8
2255 7
2256 7
2257 3
2258 0
2259 1
2260 7
2261 0
2262 6
2263 0
2264 3
2265 5
2266 7
2267 1
2268 7
2269 6
2270 0
2271 1
2272 6
2273 7
2274 8
2275 6
2276 8
2277 2
2278 7
2279 7
2280 5
2281 1
2282 6
2283 6
2284 6
2285 3
2286 6
2287 1
2288 7
2289 8
2290 1
2291 2
2292 6
2293 7
2294 1
2295 1
2296 0
2297 1
2298 2
2299 5
2300 2
2301 6
2302 7
2303 5
2304 4
2305 0
2306 0
2307 0
2308 1
2309 1
2310 5
2311 1
2312 3
2313 4
2314 7
2315 0
2316 8
2317 3
2318 3
2319 7
2320 2
2321 6
2322 1
2323 7
2324 4
2325 3
2326 1
2327 6
2328 6
2329 7
2330 7
2331 8
2332 0
2333 6
2334 3
2335 2
2336 1
2337 1
2338 1
2339 6
2340 3
2341 7
2342 7
2343 2
2344 4
2345 6
2346 8
2347 8
2348 0
2349 6
2350 0
2351 5
2352 6
2353 1
2354 0
2355 1
2356 0
2357 5
2358 6
2359 5
2360 2
2361 5
2362 1
2363 0
2364 8
2365 2
2366 7
2367 1
2368 4
2369 0
2370 6
2371 0
2372 1
2373 5
2374 2
2375 7
2376 5
2377 0
2378 1
2379 5
2380 8
2381 1
2382 4
2383 3
2384 7
2385 0
2386 1
2387 8
2388 5
2389 7
2390 2
2391 8
2392 1
2393 5
2394 7
2395 7
2396 1
2397 6
2398 1
2399 6
2400 3
2401 0
2402 5
2403 7
2404 8
2405 1
2406 6
2407 4
2408 4
2409 1
2410 7
2411 7
2412 7
2413 8
2414 5
2415 5
2416 0
2417 7
2418 7
2419 7
2420 3
2421 6
2422 6
2423 6
2424 3
2425 8
2426 2
2427 3
2428 0
2429 0
2430 8
2431 1
2432 5
2433 7
2434 8
2435 8
2436 4
2437 7
2438 7
2439 0
2440 0
2441 0
2442 7
2443 6
2444 1
2445 1
2446 4
2447 8
2448 7
2449 1
2450 1
2451 4
2452 5
2453 8
2454 7
2455 7
2456 1
2457 2
2458 8
2459 0
2460 6
2461 2
2462 4
2463 1
2464 4
2465 6
2466 6
2467 7
2468 8
2469 5
2470 1
2471 5
2472 8
2473 7
2474 7
2475 4
2476 7
2477 7
2478 0
2479 8
2480 5
2481 3
2482 7
2483 7
2484 7
2485 6
2486 6
2487 2
2488 7
2489 6
2490 6
2491 0
2492 8
2493 1
2494 8
2495 3
2496 3
2497 0
2498 6
2499 0
2500 3
2501 6
2502 8
2503 1
2504 7
2505 7
2506 3
2507 0
2508 7
2509 1
2510 7
2511 5
2512 1
2513 7
2514 0
2515 5
2516 7
2517 7
2518 1
2519 0
2520 5
2521 3
2522 2
2523 1
2524 3
2525 6
2526 2
2527 5
2528 0
2529 7
2530 0
2531 3
2532 7
2533 0
2534 7
2535 3
2536 7
2537 7
2538 0
2539 0
2540 2
2541 7
2542 7
2543 7
2544 7
2545 5
2546 7
2547 7
2548 8
2549 8
2550 8
2551 7
2552 6
2553 3
2554 0
2555 6
2556 0
2557 1
2558 2
2559 1
2560 2
2561 1
2562 3
2563 7
2564 4
2565 1
2566 6
2567 4
2568 6
2569 0
2570 8
2571 6
2572 7
2573 1
2574 5
2575 0
2576 7
2577 1
2578 2
2579 1
2580 6
2581 7
2582 0
2583 3
2584 1
2585 7
2586 8
2587 3
2588 1
2589 5
2590 6
2591 4
2592 3
2593 8
2594 1
2595 1
2596 2
2597 3
2598 8
2599 0
2600 8
2601 8
2602 0
2603 0
2604 6
2605 7
2606 7
2607 1
2608 2
2609 7
2610 6
2611 0
2612 1
2613 0
2614 6
2615 8
2616 1
2617 3
2618 1
2619 2
2620 7
2621 7
2622 6
2623 1
2624 8
2625 1
2626 8
2627 1
2628 8
2629 4
2630 1
2631 3
2632 0
2633 8
2634 6
2635 1
2636 0
2637 6
2638 1
2639 5
2640 7
2641 3
2642 0
2643 6
2644 8
2645 8
2646 6
2647 6
2648 2
2649 6
2650 7
2651 6
2652 7
2653 1
2654 8
2655 7
2656 6
2657 2
2658 0
2659 8
2660 6
2661 3
2662 6
2663 3
2664 1
2665 8
2666 2
2667 0
2668 1
2669 0
2670 1
2671 7
2672 2
2673 7
2674 6
2675 2
2676 6
2677 3
2678 8
2679 8
2680 6
2681 6
2682 3
2683 8
2684 3
2685 6
2686 4
2687 5
2688 1
2689 6
2690 6
2691 8
2692 6
2693 8
2694 7
2695 7
2696 7
2697 8
2698 0
2699 6
2700 5
2701 2
2702 1
2703 8
2704 7
2705 1
2706 0
2707 8
2708 0
2709 6
2710 6
2711 7
2712 8
2713 6
2714 1
2715 1
2716 4
2717 7
2718 2
2719 7
2720 4
2721 1
2722 1
2723 0
2724 1
2725 2
2726 8
2727 7
2728 6
2729 6
2730 1
2731 8
2732 8
2733 8
2734 7
2735 2
2736 8
2737 1
2738 2
2739 0
2740 7
2741 8
2742 6
2743 8
2744 6
2745 4
2746 5
2747 2
2748 7
2749 4
2750 6
2751 2
2752 3
2753 0
2754 6
2755 1
2756 6
2757 0
2758 7
2759 3
2760 1
2761 2
2762 3
2763 7
2764 6
2765 0
2766 1
2767 0
2768 1
2769 4
2770 0
2771 1
2772 7
2773 1
2774 3
2775 3
2776 7
2777 3
2778 7
2779 8
2780 0
2781 2
2782 3
2783 2
2784 5
2785 1
2786 6
2787 6
2788 6
2789 8
2790 3
2791 4
2792 7
2793 0
2794 6
2795 4
2796 1
2797 4
2798 8
2799 2
2800 6
2801 3
2802 1
2803 0
2804 1
2805 6
2806 3
2807 3
2808 3
2809 5
2810 3
2811 1
2812 7
2813 1
2814 7
2815 5
2816 4
2817 2
2818 1
2819 1
2820 5
2821 3
2822 4
2823 8
2824 8
2825 3
2826 3
2827 2
2828 8
2829 6
2830 5
2831 3
2832 8
2833 0
2834 8
2835 5
2836 0
2837 7
2838 1
2839 2
2840 6
2841 1
2842 1
2843 0
2844 6
2845 3
2846 3
2847 8
2848 8
2849 8
2850 8
2851 7
2852 7
2853 2
2854 7
2855 7
2856 1
2857 7
2858 2
2859 8
2860 3
2861 5
2862 0
2863 7
2864 3
2865 1
2866 1
2867 6
2868 1
2869 6
2870 4
2871 8
2872 3
2873 5
2874 4
2875 0
2876 8
2877 3
2878 5
2879 8
2880 0
2881 8
2882 7
2883 0
2884 0
2885 1
2886 3
2887 5
2888 6
2889 0
2890 4
2891 1
2892 8
2893 0
2894 3
2895 7
2896 7
2897 1
2898 7
2899 0
2900 3
2901 0
2902 1
2903 8
2904 7
2905 5
2906 1
2907 4
2908 7
2909 5
2910 6
2911 6
2912 4
2913 7
2914 6
2915 6
2916 3
2917 0
2918 7
2919 1
2920 6
2921 1
2922 0
2923 2
2924 1
2925 7
2926 2
2927 7
2928 0
2929 5
2930 2
2931 1
2932 7
2933 6
2934 5
2935 1
2936 0
2937 6
2938 1
2939 1
2940 8
2941 0
2942 3
2943 0
2944 0
2945 1
2946 1
2947 7
2948 7
2949 5
2950 0
2951 0
2952 8
2953 8
2954 0
2955 1
2956 0
2957 4
2958 0
2959 3
2960 7
2961 7
2962 7
2963 0
2964 1
2965 1
2966 7
2967 6
2968 7
2969 1
2970 6
2971 7
2972 8
2973 6
2974 6
2975 7
2976 8
2977 7
2978 8
2979 7
2980 1
2981 1
2982 1
2983 3
2984 0
2985 5
2986 4
2987 5
2988 1
2989 4
2990 7
2991 8
2992 8
2993 6
2994 0
2995 4
2996 6
2997 1
2998 5
2999 1
3000 7
3001 7
3002 7
3003 6
3004 7
3005 7
3006 0
3007 7
3008 1
3009 0
3010 7
3011 1
3012 3
3013 5
3014 1
3015 0
3016 0
3017 8
3018 7
3019 1
3020 2
3021 3
3022 8
3023 8
3024 0
3025 0
3026 8
3027 0
3028 3
3029 0
3030 8
3031 0
3032 8
3033 6
3034 3
3035 3
3036 7
3037 7
3038 7
3039 8
3040 7
3041 7
3042 7
3043 7
3044 3
3045 1
3046 0
3047 5
3048 7
3049 0
3050 0
3051 7
3052 8
3053 6
3054 1
3055 7
3056 7
3057 1
3058 1
3059 8
3060 7
3061 8
3062 5
3063 2
3064 0
3065 1
3066 6
3067 7
3068 0
3069 5
3070 0
3071 8
3072 7
3073 0
3074 1
3075 8
3076 6
3077 1
3078 6
3079 0
3080 1
3081 1
3082 7
3083 7
3084 8
3085 1
3086 0
3087 0
3088 2
3089 0
3090 4
3091 3
3092 6
3093 3
3094 6
3095 8
3096 7
3097 6
3098 3
3099 0
3100 3
3101 7
3102 8
3103 8
3104 1
3105 1
3106 7
3107 7
3108 7
3109 8
3110 8
3111 1
3112 7
3113 0
3114 5
3115 7
3116 0
3117 8
3118 0
3119 0
3120 1
3121 2
3122 1
3123 0
3124 8
3125 7
3126 0
3127 1
3128 0
3129 1
3130 7
3131 6
3132 3
3133 1
3134 4
3135 5
3136 7
3137 4
3138 6
3139 6
3140 2
3141 1
3142 6
3143 0
3144 2
3145 7
3146 7
3147 2
3148 7
3149 0
3150 7
3151 6
3152 6
3153 1
3154 7
3155 7
3156 5
3157 6
3158 1
3159 8
3160 3
3161 8
3162 7
3163 5
3164 6
3165 3
3166 8
3167 1
3168 1
3169 4
3170 6
3171 7
3172 8
3173 5
3174 7
3175 3
3176 2
3177 4
3178 5
3179 3
3180 0
3181 0
3182 7
3183 4
3184 1
3185 6
3186 7
3187 1
3188 7
3189 1
3190 6
3191 1
3192 2
3193 3
3194 0
3195 8
3196 0
3197 8
3198 5
3199 0
3200 3
3201 4
3202 8
3203 7
3204 5
3205 3
3206 1
3207 2
3208 0
3209 3
3210 7
3211 7
3212 2
3213 2
3214 7
3215 0
3216 4
3217 6
3218 6
3219 7
3220 3
3221 8
3222 6
3223 6
3224 0
3225 8
3226 3
3227 5
3228 0
3229 2
3230 7
3231 7
3232 5
3233 7
3234 5
3235 6
3236 1
3237 2
3238 0
3239 0
3240 6
3241 1
3242 2
3243 8
3244 5
3245 5
3246 2
3247 7
3248 6
3249 4
3250 7
3251 1
3252 3
3253 2
3254 1
3255 1
3256 8
3257 7
3258 4
3259 3
3260 1
3261 3
3262 8
3263 2
3264 1
3265 1
3266 7
3267 6
3268 7
3269 0
3270 1
3271 6
3272 0
3273 7
3274 3
3275 6
3276 8
3277 6
3278 6
3279 1
3280 1
3281 0
3282 0
3283 1
3284 0
3285 4
3286 8
3287 6
3288 7
3289 7
3290 8
3291 1
3292 7
3293 3
3294 6
3295 8
3296 1
3297 0
3298 0
3299 1
3300 6
3301 1
3302 3
3303 7
3304 7
3305 6
3306 3
3307 7
3308 0
3309 1
3310 6
3311 2
3312 1
3313 1
3314 2
3315 6
3316 8
3317 8
3318 2
3319 8
3320 3
3321 5
3322 7
3323 1
3324 2
3325 8
3326 1
3327 1
3328 1
3329 3
3330 7
3331 0
3332 6
3333 3
3334 8
3335 7
3336 7
3337 0
3338 1
3339 2
3340 7
3341 7
3342 3
3343 7
3344 1
3345 6
3346 7
3347 1
3348 7
3349 2
3350 6
3351 8
3352 0
3353 2
3354 1
3355 8
3356 8
3357 4
3358 7
3359 4
3360 0
3361 7
3362 3
3363 7
3364 0
3365 6
3366 7
3367 2
3368 1
3369 2
3370 0
3371 8
3372 0
3373 8
3374 8
3375 1
3376 2
3377 4
3378 0
3379 6
3380 8
3381 1
3382 0
3383 0
3384 7
3385 3
3386 7
3387 7
3388 6
3389 2
3390 1
3391 8
3392 7
3393 3
3394 7
3395 0
3396 7
3397 0
3398 6
3399 1
3400 6
3401 7
3402 1
3403 1
3404 2
3405 8
3406 8
3407 6
3408 8
3409 7
3410 1
3411 7
3412 5
3413 5
3414 7
3415 0
3416 3
3417 3
3418 8
3419 7
3420 0
3421 3
3422 4
3423 1
3424 0
3425 1
3426 5
3427 4
3428 8
3429 7
3430 2
3431 1
3432 3
3433 7
3434 8
3435 0
3436 1
3437 7
3438 0
3439 8
3440 1
3441 0
3442 2
3443 0
3444 1
3445 8
3446 8
3447 1
3448 2
3449 5
3450 6
3451 7
3452 3
3453 8
3454 0
3455 1
3456 5
3457 7
3458 0
3459 3
3460 3
3461 1
3462 6
3463 3
3464 6
3465 8
3466 1
3467 5
3468 6
3469 5
3470 1
3471 5
3472 8
3473 2
3474 1
3475 1
3476 3
3477 3
3478 8
3479 7
3480 2
3481 3
3482 1
3483 8
3484 7
3485 3
3486 5
3487 7
3488 0
3489 3
3490 1
3491 4
3492 0
3493 0
3494 0
3495 1
3496 1
3497 8
3498 8
3499 3
3500 7
3501 0
3502 8
3503 1
3504 2
3505 8
3506 2
3507 7
3508 7
3509 7
3510 3
3511 0
3512 5
3513 7
3514 6
3515 6
3516 0
3517 8
3518 0
3519 8
3520 1
3521 8
3522 6
3523 1
3524 8
3525 3
3526 7
3527 1
3528 7
3529 1
3530 1
3531 1
3532 0
3533 0
3534 0
3535 7
3536 7
3537 6
3538 7
3539 6
3540 3
3541 5
3542 0
3543 5
3544 3
3545 4
3546 1
3547 8
3548 6
3549 0
3550 7
3551 1
3552 7
3553 2
3554 0
3555 6
3556 8
3557 5
3558 6
3559 3
3560 7
3561 2
3562 0
3563 8
3564 1
3565 0
3566 6
3567 4
3568 8
3569 0
3570 0
3571 6
3572 1
3573 6
3574 2
3575 5
3576 0
3577 7
3578 0
3579 6
3580 1
3581 8
3582 3
3583 6
3584 2
3585 3
3586 2
3587 1
3588 7
3589 5
3590 4
3591 2
3592 7
3593 0
3594 7
3595 7
3596 1
3597 3
3598 6
3599 8
3600 8
3601 0
3602 5
3603 0
3604 6
3605 7
3606 3
3607 1
3608 6
3609 5
3610 0
3611 1
3612 5
3613 7
3614 8
3615 5
3616 8
3617 8
3618 7
3619 3
3620 8
3621 1
3622 5
3623 1
3624 1
3625 7
3626 7
3627 6
3628 0
3629 8
3630 1
3631 0
3632 1
3633 6
3634 6
3635 7
3636 8
3637 6
3638 1
3639 7
3640 0
3641 8
3642 1
3643 1
3644 1
3645 6
3646 8
3647 1
3648 6
3649 6
3650 7
3651 3
3652 0
3653 0
3654 7
3655 1
3656 5
3657 0
3658 3
3659 8
3660 6
3661 1
3662 8
3663 2
3664 7
3665 7
3666 8
3667 7
3668 0
3669 0
3670 6
3671 1
3672 8
3673 6
3674 6
3675 7
3676 1
3677 0
3678 2
3679 6
3680 1
3681 6
3682 2
3683 5
3684 3
3685 3
3686 0
3687 8
3688 1
3689 2
3690 0
3691 7
3692 8
3693 7
3694 3
3695 0
3696 7
3697 2
3698 2
3699 7
3700 8
3701 0
3702 3
3703 6
3704 0
3705 7
3706 7
3707 6
3708 3
3709 1
3710 1
3711 1
3712 1
3713 2
3714 6
3715 7
3716 0
3717 1
3718 8
3719 3
3720 6
3721 1
3722 1
3723 1
3724 0
3725 1
3726 1
3727 0
3728 7
3729 7
3730 0
3731 8
3732 1
3733 5
3734 7
3735 7
3736 0
3737 2
3738 2
3739 8
3740 6
3741 3
3742 8
3743 7
3744 1
3745 6
3746 3
3747 3
3748 0
3749 7
3750 8
3751 1
3752 4
3753 5
3754 0
3755 0
3756 8
3757 7
3758 1
3759 3
3760 6
3761 3
3762 5
3763 6
3764 8
3765 8
3766 0
3767 8
3768 6
3769 1
3770 6
3771 7
3772 8
3773 7
3774 1
3775 3
3776 7
3777 2
3778 8
3779 7
3780 7
3781 3
3782 8
3783 3
3784 4
3785 1
3786 2
3787 7
3788 3
3789 1
3790 0
3791 0
3792 2
3793 7
3794 0
3795 0
3796 3
3797 6
3798 3
3799 7
3800 6
3801 6
3802 8
3803 7
3804 1
3805 0
3806 7
3807 2
3808 7
3809 1
3810 7
3811 3
3812 1
3813 7
3814 1
3815 1
3816 7
3817 1
3818 7
3819 6
3820 1
3821 3
3822 4
3823 8
3824 7
3825 8
3826 8
3827 3
3828 6
3829 1
3830 6
3831 7
3832 0
3833 0
3834 7
3835 1
3836 3
3837 0
3838 0
3839 7
3840 2
3841 0
3842 6
3843 7
3844 0
3845 6
3846 7
3847 1
3848 0
3849 7
3850 6
3851 6
3852 6
3853 0
3854 2
3855 8
3856 8
3857 4
3858 6
3859 8
3860 8
3861 0
3862 1
3863 0
3864 1
3865 6
3866 7
3867 3
3868 8
3869 6
3870 5
3871 1
3872 7
3873 7
3874 7
3875 3
3876 8
3877 7
3878 7
3879 3
3880 2
3881 1
3882 7
3883 8
3884 1
3885 8
3886 7
3887 6
3888 8
3889 1
3890 6
3891 7
3892 0
3893 5
3894 7
3895 6
3896 0
3897 3
3898 7
3899 5
3900 0
3901 8
3902 7
3903 8
3904 0
3905 6
3906 7
3907 3
3908 3
3909 7
3910 7
3911 6
3912 7
3913 7
3914 0
3915 8
3916 0
3917 1
3918 2
3919 0
3920 6
3921 8
3922 7
3923 1
3924 0
3925 7
3926 1
3927 8
3928 8
3929 1
3930 0
3931 0
3932 7
3933 3
3934 7
3935 2
3936 8
3937 7
3938 3
3939 1
3940 3
3941 6
3942 8
3943 8
3944 1
3945 1
3946 7
3947 6
3948 1
3949 6
3950 8
3951 6
3952 5
3953 2
3954 5
3955 8
3956 6
3957 1
3958 2
3959 6
3960 8
3961 8
3962 0
3963 4
3964 5
3965 1
3966 1
3967 3
3968 7
3969 0
3970 0
3971 0
3972 6
3973 6
3974 3
3975 8
3976 6
3977 8
3978 7
3979 2
3980 1
3981 8
3982 7
3983 1
3984 8
3985 1
3986 6
3987 5
3988 7
3989 1
3990 6
3991 6
3992 1
3993 0
3994 6
3995 8
3996 1
3997 0
3998 3
3999 8
4000 1
4001 6
4002 1
4003 1
4004 1
4005 8
4006 7
4007 0
4008 7
4009 7
4010 4
4011 8
4012 5
4013 3
4014 0
4015 1
4016 6
4017 6
4018 6
4019 7
4020 2
4021 7
4022 0
4023 1
4024 0
4025 4
4026 7
4027 6
4028 7
4029 0
4030 1
4031 7
4032 2
4033 7
4034 1
4035 7
4036 1
4037 8
4038 1
4039 8
4040 7
4041 3
4042 4
4043 3
4044 6
4045 6
4046 1
4047 6
4048 1
4049 0
4050 6
4051 7
4052 8
4053 8
4054 7
4055 3
4056 7
4057 3
4058 3
4059 1
4060 6
4061 3
4062 2
4063 4
4064 0
4065 0
4066 6
4067 1
4068 6
4069 8
4070 8
4071 7
4072 7
4073 1
4074 7
4075 4
4076 3
4077 8
4078 3
4079 6
4080 0
4081 1
4082 6
4083 2
4084 0
4085 6
4086 6
4087 3
4088 0
4089 7
4090 7
4091 7
4092 0
4093 8
4094 2
4095 8
4096 8
4097 0
4098 0
4099 8
4100 7
4101 0
4102 6
4103 3
4104 8
4105 3
4106 8
4107 1
4108 7
4109 3
4110 7
4111 4
4112 6
4113 6
4114 0
4115 2
4116 5
4117 6
4118 1
4119 1
4120 0
4121 5
4122 7
4123 4
4124 0
4125 6
4126 7
4127 1
4128 7
4129 7
4130 7
4131 7
4132 7
4133 0
4134 6
4135 4
4136 7
4137 6
4138 6
4139 0
4140 1
4141 0
4142 0
4143 7
4144 1
4145 6
4146 7
4147 1
4148 7
4149 7
4150 6
4151 3
4152 4
4153 6
4154 0
4155 8
4156 6
4157 0
4158 7
4159 7
4160 6
4161 6
4162 1
4163 1
4164 0
4165 1
4166 7
4167 1
4168 6
4169 0
4170 7
4171 0
4172 0
4173 0
4174 0
4175 0
4176 8
4177 2
4178 0
4179 6
4180 7
4181 8
4182 8
4183 7
4184 1
4185 8
4186 8
4187 4
4188 3
4189 1
4190 3
4191 0
4192 7
4193 7
4194 6
4195 7
4196 0
4197 1
4198 7
4199 7
4200 0
4201 1
4202 7
4203 8
4204 4
4205 1
4206 7
4207 0
4208 8
4209 6
4210 1
4211 4
4212 2
4213 7
4214 0
4215 7
4216 2
4217 1
4218 1
4219 0
4220 7
4221 1
4222 7
4223 1
4224 0
4225 0
4226 5
4227 1
4228 1
4229 7
4230 8
4231 6
4232 1
4233 8
4234 1
4235 2
4236 7
4237 8
4238 2
4239 8
4240 7
4241 3
4242 3
4243 2
4244 4
4245 0
4246 7
4247 0
4248 5
4249 6
4250 7
4251 7
4252 6
4253 6
4254 1
4255 7
4256 5
4257 7
4258 1
4259 3
4260 8
4261 0
4262 6
4263 8
4264 4
4265 6
4266 5
4267 3
4268 7
4269 6
4270 1
4271 3
4272 0
4273 5
4274 1
4275 5
4276 7
4277 1
4278 6
4279 2
4280 0
4281 1
4282 3
4283 6
4284 3
4285 7
4286 0
4287 8
4288 0
4289 5
4290 1
4291 1
4292 0
4293 8
4294 5
4295 3
4296 8
4297 8
4298 0
4299 7
4300 1
4301 7
4302 0
4303 2
4304 8
4305 1
4306 2
4307 1
4308 7
4309 5
4310 0
4311 0
4312 7
4313 8
4314 2
4315 6
4316 7
4317 3
4318 5
4319 0
4320 7
4321 0
4322 0
4323 4
4324 6
4325 8
4326 3
4327 4
4328 1
4329 6
4330 6
4331 7
4332 3
4333 7
4334 0
4335 7
4336 7
4337 8
4338 8
4339 8
4340 7
4341 8
4342 6
4343 4
4344 3
4345 0
4346 6
4347 1
4348 3
4349 7
4350 0
4351 6
4352 1
4353 0
4354 2
4355 0
4356 8
4357 7
4358 6
4359 0
4360 0
4361 6
4362 5
4363 1
4364 5
4365 7
4366 5
4367 1
4368 8
4369 6
4370 1
4371 8
4372 6
4373 1
4374 6
4375 2
4376 1
4377 3
4378 8
4379 1
4380 1
4381 7
4382 7
4383 8
4384 7
4385 6
4386 1
4387 3
4388 0
4389 7
4390 8
4391 8
4392 7
4393 5
4394 2
4395 8
4396 2
4397 1
4398 8
4399 8
4400 1
4401 1
4402 6
4403 4
4404 0
4405 6
4406 0
4407 0
4408 7
4409 8
4410 6
4411 4
4412 2
4413 1
4414 5
4415 1
4416 0
4417 3
4418 3
4419 1
4420 7
4421 6
4422 6
4423 2
4424 1
4425 1
4426 6
4427 1
4428 2
4429 2
4430 7
4431 4
4432 5
4433 7
4434 2
4435 1
4436 7
4437 1
4438 8
4439 8
4440 7
4441 8
4442 0
4443 1
4444 4
4445 5
4446 7
4447 8
4448 0
4449 6
4450 1
4451 8
4452 2
4453 8
4454 6
4455 7
4456 8
4457 2
4458 1
4459 6
4460 7
4461 3
4462 6
4463 1
4464 6
4465 1
4466 5
4467 8
4468 6
4469 7
4470 2
4471 0
4472 8
4473 1
4474 7
4475 8
4476 3
4477 7
4478 7
4479 0
4480 5
4481 5
4482 0
4483 3
4484 7
4485 2
4486 7
4487 1
4488 7
4489 6
4490 5
4491 2
4492 1
4493 1
4494 1
4495 7
4496 7
4497 7
4498 1
4499 5
4500 1
4501 7
4502 2
4503 7
4504 5
4505 5
4506 3
4507 0
4508 1
4509 3
4510 0
4511 7
4512 5
4513 6
4514 4
4515 7
4516 1
4517 1
4518 0
4519 6
4520 1
4521 1
4522 7
4523 8
4524 8
4525 4
4526 4
4527 0
4528 7
4529 0
4530 1
4531 0
4532 8
4533 1
4534 0
4535 3
4536 4
4537 1
4538 1
4539 3
4540 8
4541 0
4542 6
4543 6
4544 8
4545 7
4546 8
4547 3
4548 7
4549 1
4550 7
4551 1
4552 0
4553 3
4554 1
4555 4
4556 8
4557 8
4558 7
4559 7
4560 3
4561 2
4562 1
4563 4
4564 7
4565 2
4566 3
4567 7
4568 6
4569 3
4570 1
4571 8
4572 5
4573 3
4574 6
4575 0
4576 5
4577 8
4578 1
4579 1
4580 1
4581 0
4582 1
4583 1
4584 0
4585 6
4586 1
4587 7
4588 8
4589 7
4590 0
4591 2
4592 7
4593 0
4594 3
4595 1
4596 4
4597 1
4598 0
4599 0
4600 0
4601 7
4602 7
4603 0
4604 4
4605 1
4606 7
4607 6
4608 1
4609 3
4610 7
4611 8
4612 8
4613 3
4614 7
4615 6
4616 6
4617 0
4618 6
4619 3
4620 7
4621 8
4622 1
4623 1
4624 3
4625 3
4626 8
4627 5
4628 3
4629 7
4630 8
4631 3
4632 7
4633 1
4634 1
4635 7
4636 0
4637 0
4638 0
4639 6
4640 0
4641 8
4642 3
4643 7
4644 3
4645 3
4646 0
4647 1
4648 0
4649 8
4650 0
4651 7
4652 6
4653 8
4654 1
4655 0
4656 1
4657 0
4658 5
4659 1
4660 1
4661 8
4662 7
4663 5
4664 6
4665 5
4666 2
4667 8
4668 4
4669 5
4670 7
4671 6
4672 0
4673 3
4674 7
4675 2
4676 7
4677 6
4678 7
4679 3
4680 6
4681 3
4682 0
4683 5
4684 4
4685 7
4686 5
4687 7
4688 7
4689 3
4690 6
4691 6
4692 7
4693 8
4694 7
4695 5
4696 1
4697 6
4698 1
4699 7
4700 3
4701 3
4702 6
4703 1
4704 2
4705 6
4706 3
4707 0
4708 8
4709 8
4710 5
4711 0
4712 7
4713 1
4714 1
4715 8
4716 3
4717 1
4718 7
4719 8
4720 0
4721 1
4722 1
4723 7
4724 5
4725 4
4726 1
4727 0
4728 8
4729 6
4730 0
4731 4
4732 1
4733 1
4734 7
4735 7
4736 7
4737 0
4738 3
4739 0
4740 1
4741 7
4742 7
4743 6
4744 3
4745 2
4746 1
4747 1
4748 0
4749 0
4750 1
4751 0
4752 7
4753 6
4754 1
4755 6
4756 1
4757 0
4758 8
4759 1
4760 3
4761 3
4762 1
4763 3
4764 8
4765 1
4766 1
4767 7
4768 3
4769 3
4770 7
4771 7
4772 1
4773 6
4774 1
4775 6
4776 4
4777 5
4778 2
4779 3
4780 7
4781 0
4782 6
4783 7
4784 0
4785 6
4786 7
4787 0
4788 3
4789 7
4790 0
4791 8
4792 1
4793 6
4794 6
4795 7
4796 7
4797 6
4798 1
4799 5
4800 7
4801 2
4802 6
4803 7
4804 1
4805 7
4806 7
4807 3
4808 5
4809 8
4810 1
4811 6
4812 7
4813 7
4814 5
4815 0
4816 6
4817 7
4818 0
4819 8
4820 6
4821 1
4822 7
4823 6
4824 3
4825 7
4826 1
4827 7
4828 8
4829 0
4830 1
4831 7
4832 1
4833 7
4834 7
4835 1
4836 1
4837 1
4838 6
4839 1
4840 3
4841 1
4842 2
4843 8
4844 6
4845 3
4846 7
4847 8
4848 1
4849 1
4850 7
4851 8
4852 6
4853 7
4854 7
4855 3
4856 4
4857 1
4858 1
4859 5
4860 3
4861 0
4862 7
4863 2
4864 0
4865 7
4866 0
4867 7
4868 0
4869 1
4870 7
4871 1
4872 3
4873 4
4874 6
4875 4
4876 0
4877 3
4878 8
4879 8
4880 1
4881 1
4882 6
4883 3
4884 7
4885 7
4886 0
4887 6
4888 6
4889 2
4890 7
4891 2
4892 1
4893 0
4894 0
4895 2
4896 7
4897 7
4898 1
4899 7
4900 7
4901 7
4902 1
4903 2
4904 6
4905 7
4906 1
4907 1
4908 8
4909 7
4910 6
4911 2
4912 3
4913 6
4914 1
4915 8
4916 7
4917 7
4918 1
4919 0
4920 1
4921 7
4922 6
4923 8
4924 5
4925 7
4926 8
4927 0
4928 6
4929 0
4930 1
4931 7
4932 0
4933 5
4934 0
4935 6
4936 6
4937 7
4938 6
4939 5
4940 7
4941 1
4942 6
4943 7
4944 0
4945 8
4946 7
4947 6
4948 6
4949 1
4950 4
4951 0
4952 0
4953 8
4954 2
4955 6
4956 7
4957 7
4958 6
4959 4
4960 7
4961 7
4962 8
4963 7
4964 1
4965 2
4966 0
4967 7
4968 1
4969 0
4970 7
4971 0
4972 6
4973 2
4974 7
4975 1
4976 6
4977 1
4978 8
4979 0
4980 8
4981 6
4982 3
4983 6
4984 3
4985 5
4986 3
4987 7
4988 7
4989 7
4990 7
4991 1
4992 1
4993 0
4994 1
4995 3
4996 0
4997 0
4998 1
4999 1
5000 6
5001 3
5002 7
5003 1
5004 7
5005 7
5006 1
5007 4
5008 3
5009 7
5010 8
5011 1
5012 0
5013 6
5014 7
5015 7
5016 7
5017 5
5018 6
5019 4
5020 8
5021 8
5022 7
5023 1
5024 4
5025 6
5026 7
5027 7
5028 1
5029 2
5030 2
5031 6
5032 2
5033 5
5034 7
5035 0
5036 0
5037 1
5038 5
5039 8
5040 1
5041 7
5042 7
5043 7
5044 3
5045 6
5046 4
5047 1
5048 1
5049 3
5050 0
5051 8
5052 5
5053 6
5054 7
5055 0
5056 3
5057 7
5058 2
5059 0
5060 2
5061 2
5062 1
5063 5
5064 8
5065 3
5066 7
5067 3
5068 0
5069 3
5070 3
5071 7
5072 7
5073 0
5074 3
5075 8
5076 5
5077 6
5078 1
5079 1
5080 2
5081 1
5082 1
5083 1
5084 5
5085 3
5086 7
5087 8
5088 0
5089 5
5090 8
5091 4
5092 7
5093 4
5094 8
5095 0
5096 7
5097 8
5098 0
5099 7
5100 7
5101 7
5102 6
5103 6
5104 7
5105 1
5106 5
5107 3
5108 0
5109 6
5110 1
5111 7
5112 1
5113 6
5114 7
5115 1
5116 0
5117 1
5118 5
5119 3
5120 5
5121 6
5122 3
5123 6
5124 3
5125 1
5126 8
5127 5
5128 1
5129 7
5130 1
5131 3
5132 7
5133 0
5134 8
5135 4
5136 8
5137 8
5138 0
5139 6
5140 1
5141 7
5142 4
5143 6
5144 1
5145 7
5146 7
5147 8
5148 7
5149 3
5150 1
5151 7
5152 1
5153 4
5154 1
5155 5
5156 3
5157 2
5158 5
5159 1
5160 1
5161 0
5162 7
5163 1
5164 6
5165 3
5166 6
5167 3
5168 1
5169 5
5170 5
5171 7
5172 1
5173 0
5174 0
5175 3
5176 6
5177 1
5178 6
5179 5
5180 8
5181 5
5182 7
5183 2
5184 5
5185 8
5186 7
5187 6
5188 0
5189 8
5190 1
5191 7
5192 5
5193 7
5194 3
5195 0
5196 6
5197 8
5198 5
5199 5
5200 0
5201 1
5202 1
5203 7
5204 7
5205 8
5206 1
5207 2
5208 1
5209 2
5210 0
5211 6
5212 1
5213 0
5214 0
5215 4
5216 7
5217 7
5218 1
5219 3
5220 8
5221 0
5222 0
5223 7
5224 4
5225 7
5226 1
5227 8
5228 1
5229 1
5230 1
5231 8
5232 8
5233 7
5234 7
5235 7
5236 6
5237 0
5238 0
5239 2
5240 7
5241 0
5242 8
5243 1
5244 1
5245 0
5246 7
5247 6
5248 3
5249 6
5250 1
5251 1
5252 7
5253 7
5254 6
5255 7
5256 6
5257 1
5258 3
5259 0
5260 7
5261 2
5262 6
5263 4
5264 7
5265 4
5266 6
5267 8
5268 8
5269 4
5270 7
5271 3
5272 4
5273 3
5274 6
5275 4
5276 4
5277 4
5278 4
5279 7
5280 8
5281 6
5282 5
5283 5
5284 7
5285 4
5286 3
5287 4
5288 7
5289 5
5290 4
5291 0
5292 6
5293 6
5294 8
5295 7
5296 8
5297 7
5298 6
5299 6
5300 7
5301 4
5302 3
5303 6
5304 6
5305 6
5306 7
5307 7
5308 7
5309 7
5310 7
5311 7
5312 8
5313 6
5314 2
5315 4
5316 8
5317 7
5318 7
5319 6
5320 4
5321 5
5322 8
5323 4
5324 8
5325 4
5326 7
5327 8
5328 5
5329 4
5330 4
5331 4
5332 4
5333 7
5334 7
5335 6
5336 7
5337 4
5338 7
5339 7
5340 8
5341 5
5342 4
5343 2
5344 6
5345 0
5346 7
5347 8
5348 7
5349 0
5350 4
5351 8
5352 0
5353 7
5354 7
5355 4
5356 7
5357 0
5358 4
5359 6
5360 4
5361 7
5362 4
5363 0
5364 4
5365 4
5366 7
5367 5
5368 0
5369 3
5370 4
5371 7
5372 3
5373 5
5374 7
5375 6
5376 5
5377 4
5378 4
5379 7
5380 6
5381 7
5382 7
5383 4
5384 7
5385 2
5386 4
5387 3
5388 6
5389 0
5390 6
5391 3
5392 7
5393 7
5394 7
5395 3
5396 7
5397 7
5398 3
5399 8
5400 6
5401 3
5402 0
5403 5
5404 4
5405 7
5406 4
5407 8
5408 7
5409 8
5410 8
5411 4
5412 7
5413 4
5414 4
5415 2
5416 7
5417 5
5418 3
5419 7
5420 4
5421 8
5422 8
5423 8
5424 5
5425 7
5426 4
5427 2
5428 7
5429 5
5430 7
5431 6
5432 7
5433 7
5434 4
5435 7
5436 4
5437 4
5438 4
5439 3
5440 3
5441 7
5442 8
5443 6
5444 8
5445 6
5446 8
5447 4
5448 8
5449 4
5450 0
5451 7
5452 2
5453 0
5454 4
5455 2
5456 8
5457 7
5458 4
5459 4
5460 7
5461 5
5462 7
5463 6
5464 4
5465 0
5466 8
5467 4
5468 4
5469 8
5470 3
5471 4
5472 8
5473 8
5474 8
5475 6
5476 8
5477 7
5478 4
5479 8
5480 0
5481 7
5482 8
5483 2
5484 0
5485 4
5486 6
5487 0
5488 4
5489 5
5490 4
5491 6
5492 4
5493 0
5494 2
5495 6
5496 2
5497 2
5498 8
5499 4
5500 0
5501 8
5502 4
5503 0
5504 6
5505 6
5506 8
5507 2
5508 4
5509 0
5510 3
5511 0
5512 2
5513 6
5514 6
5515 6
5516 5
5517 0
5518 6
5519 2
5520 3
5521 2
5522 6
5523 5
5524 2
5525 6
5526 2
5527 0
5528 3
5529 2
5530 8
5531 6
5532 8
5533 2
5534 3
5535 0
5536 4
5537 4
5538 2
5539 0
5540 3
5541 6
5542 8
5543 2
5544 4
5545 3
5546 3
5547 2
5548 0
5549 2
5550 3
5551 2
5552 4
5553 2
5554 3
5555 5
5556 4
5557 8
5558 6
5559 4
5560 2
5561 2
5562 2
5563 6
5564 3
5565 0
5566 6
5567 2
5568 4
5569 2
5570 4
5571 4
5572 2
5573 2
5574 2
5575 2
5576 8
5577 2
5578 2
5579 4
5580 3
5581 3
5582 4
5583 2
5584 4
5585 0
5586 2
5587 3
5588 4
5589 8
5590 4
5591 2
5592 2
5593 2
5594 0
5595 5
5596 4
5597 8
5598 6
5599 4
5600 4
5601 8
5602 4
5603 2
5604 5
5605 0
5606 0
5607 2
5608 2
5609 3
5610 5
5611 2
5612 0
5613 8
5614 6
5615 5
5616 2
5617 6
5618 2
5619 2
5620 4
5621 6
5622 2
5623 6
5624 6
5625 2
5626 2
5627 8
5628 3
5629 6
5630 6
5631 2
5632 0
5633 3
5634 8
5635 2
5636 8
5637 4
5638 4
5639 3
5640 8
5641 2
5642 3
5643 3
5644 6
5645 4
5646 0
5647 6
5648 3
5649 8
5650 8
5651 8
5652 4
5653 2
5654 2
5655 3
5656 6
5657 2
5658 4
5659 4
5660 6
5661 2
5662 2
5663 5
5664 8
5665 8
5666 6
5667 3
5668 8
5669 5
5670 0
5671 4
5672 0
5673 4
5674 4
5675 5
5676 2
5677 2
5678 8
5679 6
5680 3
5681 4
5682 0
5683 2
5684 5
5685 5
5686 3
5687 6
5688 8
5689 2
5690 4
5691 6
5692 6
5693 4
5694 8
5695 4
5696 2
5697 8
5698 5
5699 4
5700 2
5701 4
5702 6
5703 3
5704 4
5705 6
5706 2
5707 2
5708 2
5709 6
5710 0
5711 4
5712 5
5713 6
5714 0
5715 2
5716 4
5717 4
5718 4
5719 2
5720 6
5721 2
5722 8
5723 3
5724 8
5725 2
5726 6
5727 0
5728 4
5729 6
5730 8
5731 2
5732 2
5733 3
5734 2
5735 2
5736 2
5737 0
5738 2
5739 8
5740 2
5741 4
5742 2
5743 2
5744 8
5745 4
5746 2
5747 6
5748 8
5749 4
5750 0
5751 2
5752 0
5753 3
5754 6
5755 4
5756 2
5757 6
5758 5
5759 2
5760 2
5761 4
5762 2
5763 3
5764 2
5765 4
5766 2
5767 4
5768 4
5769 8
5770 4
5771 4
5772 0
5773 6
5774 2
5775 4
5776 2
5777 3
5778 5
5779 2
5780 6
5781 0
5782 2
5783 0
5784 4
5785 4
5786 4
5787 5
5788 8
5789 2
5790 2
5791 8
5792 3
5793 4
5794 4
5795 2
5796 0
5797 2
5798 0
5799 8
5800 2
5801 6
5802 2
5803 2
5804 2
5805 0
5806 2
5807 8
5808 0
5809 3
5810 4
5811 0
5812 4
5813 4
5814 2
5815 6
5816 2
5817 3
5818 2
5819 5
5820 4
5821 5
5822 6
5823 2
5824 5
5825 0
5826 6
5827 4
5828 3
5829 6
5830 2
5831 3
5832 8
5833 0
5834 2
5835 2
5836 2
5837 4
5838 0
5839 4
5840 2
5841 3
5842 2
5843 8
5844 2
5845 4
5846 6
5847 6
5848 2
5849 2
5850 3
5851 2
5852 0
5853 4
5854 3
5855 3
5856 2
5857 0
5858 2
5859 0
5860 6
5861 8
5862 8
5863 4
5864 8
5865 6
5866 2
5867 2
5868 4
5869 3
5870 4
5871 5
5872 8
5873 4
5874 8
5875 6
5876 0
5877 0
5878 4
5879 8
5880 6
5881 4
5882 0
5883 2
5884 0
5885 8
5886 0
5887 2
5888 0
5889 2
5890 4
5891 6
5892 2
5893 2
5894 5
5895 3
5896 5
5897 5
5898 0
5899 2
5900 4
5901 4
5902 4
5903 6
5904 2
5905 3
5906 0
5907 3
5908 4
5909 2
5910 4
5911 3
5912 2
5913 3
5914 8
5915 8
5916 4
5917 3
5918 5
5919 8
5920 2
5921 4
5922 2
5923 4
5924 4
5925 5
5926 3
5927 8
5928 5
5929 4
5930 3
5931 3
5932 2
5933 2
5934 4
5935 3
5936 4
5937 0
5938 4
5939 4
5940 4
5941 4
5942 2
5943 5
5944 2
5945 0
5946 4
5947 2
5948 0
5949 5
5950 3
5951 2
5952 2
5953 8
5954 8
5955 3
5956 2
5957 3
5958 2
5959 3
5960 0
5961 8
5962 2
5963 3
5964 3
5965 2
5966 8
5967 3
5968 4
5969 8
5970 3
5971 3
5972 8
5973 8
5974 4
5975 8
5976 5
5977 3
5978 4
5979 8
5980 4
5981 2
5982 2
5983 3
5984 5
5985 4
5986 2
5987 5
5988 4
5989 4
5990 2
5991 2
5992 3
5993 4
5994 2
5995 4
5996 8
5997 3
5998 3
5999 4
6000 2
6001 5
6002 4
6003 4
6004 2
6005 4
6006 4
6007 3
6008 2
6009 2
6010 8
6011 8
6012 8
6013 5
6014 4
6015 4
6016 2
6017 2
6018 2
6019 2
6020 4
6021 4
6022 2
6023 8
6024 0
6025 3
6026 3
6027 2
6028 3
6029 8
6030 4
6031 2
6032 3
6033 8
6034 2
6035 3
6036 8
6037 4
6038 3
6039 4
6040 2
6041 4
6042 5
6043 3
6044 3
6045 2
6046 4
6047 4
6048 4
6049 4
6050 4
6051 2
6052 5
6053 2
6054 4
6055 2
6056 3
6057 3
6058 2
6059 4
6060 4
6061 4
6062 5
6063 4
6064 2
6065 3
6066 5
6067 8
6068 4
6069 3
6070 2
6071 5
6072 3
6073 5
6074 0
6075 0
6076 8
6077 5
6078 2
6079 4
6080 4
6081 5
6082 5
6083 4
6084 2
6085 4
6086 2
6087 4
6088 4
6089 5
6090 8
6091 3
6092 5
6093 5
6094 8
6095 8
6096 5
6097 4
6098 4
6099 2
6100 4
6101 0
6102 2
6103 2
6104 3
6105 5
6106 2
6107 4
6108 2
6109 4
6110 2
6111 5
6112 8
6113 5
6114 3
6115 3
6116 0
6117 8
6118 8
6119 5
6120 4
6121 3
6122 3
6123 5
6124 2
6125 2
6126 0
6127 5
6128 4
6129 3
6130 3
6131 0
6132 2
6133 2
6134 4
6135 0
6136 2
6137 4
6138 2
6139 4
6140 5
6141 4
6142 4
6143 2
6144 2
6145 2
6146 4
6147 4
6148 2
6149 8
6150 4
6151 4
6152 8
6153 8
6154 3
6155 4
6156 2
6157 3
6158 5
6159 3
6160 8
6161 5
6162 2
6163 2
6164 4
6165 3
6166 8
6167 4
6168 5
6169 4
6170 4
6171 2
6172 2
6173 0
6174 0
6175 3
6176 5
6177 4
6178 5
6179 3
6180 4
6181 4
6182 2
6183 4
6184 3
6185 8
6186 8
6187 8
6188 5
6189 2
6190 2
6191 2
6192 8
6193 2
6194 8
6195 5
6196 4
6197 8
6198 0
6199 3
6200 5
6201 2
6202 5
6203 4
6204 2
6205 4
6206 2
6207 4
6208 2
6209 4
6210 8
6211 2
6212 8
6213 2
6214 8
6215 4
6216 3
6217 0
6218 4
6219 3
6220 2
6221 8
6222 5
6223 2
6224 3
6225 3
6226 0
6227 2
6228 5
6229 8
6230 2
6231 2
6232 5
6233 4
6234 4
6235 2
6236 0
6237 4
6238 5
6239 3
6240 2
6241 4
6242 2
6243 5
6244 2
6245 3
6246 0
6247 2
6248 4
6249 2
6250 4
6251 8
6252 5
6253 4
6254 4
6255 5
6256 0
6257 2
6258 4
6259 2
6260 2
6261 4
6262 2
6263 8
6264 0
6265 2
6266 4
6267 2
6268 3
6269 8
6270 0
6271 2
6272 0
6273 4
6274 4
6275 8
6276 2
6277 2
6278 3
6279 5
6280 8
6281 5
6282 2
6283 8
6284 2
6285 4
6286 4
6287 4
6288 2
6289 4
6290 8
6291 2
6292 8
6293 2
6294 4
6295 2
6296 2
6297 2
6298 4
6299 5
6300 8
6301 2
6302 5
6303 0
6304 8
6305 4
6306 2
6307 5
6308 8
6309 2
6310 2
6311 4
6312 2
6313 5
6314 5
6315 0
6316 5
6317 0
6318 8
6319 5
6320 4
6321 0
6322 2
6323 5
6324 0
6325 2
6326 5
6327 0
6328 3
6329 2
6330 4
6331 4
6332 2
6333 8
6334 2
6335 2
6336 8
6337 2
6338 2
6339 4
6340 4
6341 4
6342 8
6343 2
6344 8
6345 8
6346 4
6347 3
6348 3
6349 3
6350 2
6351 5
6352 3
6353 5
6354 4
6355 4
6356 2
6357 2
6358 4
6359 2
6360 4
6361 4
6362 2
6363 3
6364 5
6365 4
6366 8
6367 0
6368 4
6369 8
6370 0
6371 3
6372 5
6373 4
6374 4
6375 2
6376 5
6377 5
6378 8
6379 5
6380 2
6381 0
6382 2
6383 8
6384 4
6385 4
6386 3
6387 2
6388 4
6389 3
6390 5
6391 2
6392 3
6393 2
6394 5
6395 5
6396 5
6397 4
6398 4
6399 4
6400 2
6401 2
6402 5
6403 4
6404 4
6405 4
6406 0
6407 5
6408 5
6409 2
6410 4
6411 5
6412 4
6413 4
6414 4
6415 4
6416 2
6417 4
6418 4
6419 5
6420 5
6421 5
6422 4
6423 8
6424 2
6425 2
6426 2
6427 8
6428 8
6429 4
6430 2
6431 2
6432 4
6433 5
6434 3
6435 5
6436 2
6437 4
6438 5
6439 3
6440 3
6441 8
6442 2
6443 8
6444 2
6445 3
6446 3
6447 4
6448 2
6449 4
6450 4
6451 3
6452 5
6453 4
6454 5
6455 2
6456 8
6457 5
6458 5
6459 5
6460 2
6461 4
6462 5
6463 4
6464 4
6465 5
6466 8
6467 8
6468 4
6469 5
6470 5
6471 3
6472 5
6473 2
6474 3
6475 4
6476 4
6477 5
6478 5
6479 2
6480 2
6481 5
6482 5
6483 5
6484 5
6485 2
6486 8
6487 2
6488 5
6489 3
6490 4
6491 5
6492 4
6493 5
6494 4
6495 2
6496 5
6497 4
6498 5
6499 2
6500 8
6501 2
6502 3
6503 4
6504 8
6505 4
6506 5
6507 2
6508 5
6509 4
6510 4
6511 5
6512 5
6513 3
6514 8
6515 8
6516 4
6517 2
6518 4
6519 3
6520 8
6521 2
6522 4
6523 2
6524 4
6525 2
6526 4
6527 5
6528 4
6529 8
6530 5
6531 4
6532 5
6533 4
6534 8
6535 4
6536 2
6537 4
6538 5
6539 4
6540 3
6541 8
6542 2
6543 3
6544 8
6545 4
6546 3
6547 5
6548 2
6549 2
6550 4
6551 5
6552 2
6553 8
6554 5
6555 4
6556 2
6557 3
6558 2
6559 4
6560 8
6561 4
6562 4
6563 2
6564 4
6565 2
6566 2
6567 4
6568 3
6569 4
6570 2
6571 5
6572 8
6573 4
6574 2
6575 2
6576 2
6577 2
6578 3
6579 5
6580 3
6581 4
6582 2
6583 4
6584 5
6585 2
6586 2
6587 8
6588 5
6589 4
6590 8
6591 5
6592 8
6593 2
6594 4
6595 2
6596 4
6597 4
6598 5
6599 5
6600 4
6601 8
6602 5
6603 8
6604 4
6605 8
6606 2
6607 4
6608 5
6609 4
6610 5
6611 4
6612 8
6613 4
6614 2
6615 8
6616 3
6617 5
6618 2
6619 5
6620 5
6621 4
6622 4
6623 5
6624 2
6625 8
6626 5
6627 4
6628 2
6629 8
6630 2
6631 2
6632 2
6633 5
6634 4
6635 2
6636 4
6637 5
6638 4
6639 5
6640 4
6641 8
6642 4
6643 5
6644 3
6645 4
6646 2
6647 2
6648 5
6649 5
6650 2
6651 8
6652 5
6653 2
6654 5
6655 4
6656 2
6657 4
6658 4
6659 5
6660 8
6661 4
6662 5
6663 8
6664 8
6665 5
6666 4
6667 4
6668 4
6669 2
6670 5
6671 5
6672 4
6673 8
6674 4
6675 2
6676 3
6677 5
6678 5
6679 5
6680 2
6681 5
6682 5
6683 2
6684 5
6685 2
6686 2
6687 4
6688 4
6689 4
6690 5
6691 2
6692 5
6693 5
6694 3
6695 2
6696 8
6697 3
6698 8
6699 2
6700 2
6701 2
6702 2
6703 5
6704 3
6705 4
6706 2
6707 2
6708 5
6709 8
6710 5
6711 5
6712 5
6713 2
6714 4
6715 4
6716 8
6717 2
6718 5
6719 5
6720 4
6721 4
6722 3
6723 5
6724 4
6725 5
6726 5
6727 2
6728 4
6729 5
6730 2
6731 8
6732 4
6733 2
6734 8
6735 2
6736 2
6737 8
6738 4
6739 8
6740 4
6741 4
6742 4
6743 2
6744 8
6745 5
6746 4
6747 2
6748 2
6749 4
6750 5
6751 2
6752 8
6753 5
6754 2
6755 3
6756 8
6757 2
6758 2
6759 2
6760 2
6761 5
6762 8
6763 3
6764 2
6765 4
6766 2
6767 5
6768 4
6769 5
6770 2
6771 2
6772 3
6773 8
6774 5
6775 3
6776 5
6777 5
6778 4
6779 2
6780 2
6781 5
6782 5
6783 5
6784 5
6785 2
6786 2
6787 4
6788 4
6789 2
6790 4
6791 5
6792 5
6793 5
6794 4
6795 5
6796 2
6797 5
6798 5
6799 2
6800 5
6801 3
6802 2
6803 4
6804 4
6805 2
6806 8
6807 4
6808 2
6809 2
6810 8
6811 3
6812 5
6813 2
6814 4
6815 4
6816 4
6817 4
6818 5
6819 8
6820 2
6821 4
6822 5
6823 2
6824 2
6825 8
6826 2
6827 5
6828 8
6829 3
6830 4
6831 4
6832 2
6833 2
6834 4
6835 8
6836 2
6837 5
6838 5
6839 2
6840 2
6841 5
6842 4
6843 3
6844 2
6845 2
6846 2
6847 4
6848 2
6849 4
6850 2
6851 2
6852 4
6853 2
6854 3
6855 5
6856 2
6857 2
6858 2
6859 5
6860 8
6861 4
6862 2
6863 4
6864 4
6865 2
6866 2
6867 3
6868 5
6869 5
6870 4
6871 2
6872 2
6873 4
6874 8
6875 4
6876 2
6877 3
6878 4
6879 2
6880 5
6881 2
6882 2
6883 4
6884 5
6885 5
6886 4
6887 3
6888 8
6889 4
6890 2
6891 8
6892 8
6893 8
6894 2
6895 8
6896 2
6897 5
6898 5
6899 2
6900 4
6901 8
6902 5
6903 3
6904 8
6905 5
6906 5
6907 2
6908 5
6909 2
6910 4
6911 2
6912 5
6913 3
6914 4
6915 8
6916 4
6917 2
6918 8
6919 4
6920 8
6921 2
6922 4
6923 5
6924 5
6925 2
6926 4
6927 5
6928 2
6929 4
6930 2
6931 5
6932 2
6933 8
6934 3
6935 5
6936 2
6937 4
6938 2
6939 2
6940 5
6941 5
6942 2
6943 4
6944 8
6945 2
6946 2
6947 2
6948 2
6949 4
6950 5
6951 4
6952 2
6953 4
6954 3
6955 4
6956 5
6957 4
6958 5
6959 2
6960 3
6961 4
6962 2
6963 3
6964 5
6965 4
6966 4
6967 2
6968 8
6969 2
6970 8
6971 5
6972 5
6973 2
6974 2
6975 5
6976 4
6977 5
6978 4
6979 2
6980 2
6981 5
6982 5
6983 4
6984 5
6985 5
6986 8
6987 2
6988 5
6989 2
6990 8
6991 8
6992 3
6993 8
6994 2
6995 8
6996 5
6997 4
6998 4
6999 3
7000 4
7001 3
7002 5
7003 5
7004 4
7005 8
7006 2
7007 5
7008 5
7009 3
7010 2
7011 2
7012 8
7013 3
7014 2
7015 4
7016 5
7017 8
7018 5
7019 8
7020 4
7021 4
7022 4
7023 3
7024 5
7025 2
7026 4
7027 4
7028 2
7029 5
7030 8
7031 4
7032 5
7033 4
7034 2
7035 2
7036 2
7037 3
7038 4
7039 2
7040 4
7041 3
7042 3
7043 2
7044 5
7045 8
7046 2
7047 4
7048 4
7049 5
7050 5
7051 5
7052 4
7053 4
7054 2
7055 4
7056 5
7057 5
7058 3
7059 4
7060 3
7061 2
7062 2
7063 2
7064 5
7065 4
7066 2
7067 8
7068 5
7069 8
7070 2
7071 5
7072 5
7073 4
7074 4
7075 2
7076 4
7077 2
7078 2
7079 5
7080 4
7081 4
7082 5
7083 4
7084 8
7085 2
7086 4
7087 5
7088 2
7089 2
7090 2
7091 2
7092 2
7093 5
7094 2
7095 5
7096 8
7097 4
7098 2
7099 2
7100 5
7101 8
7102 2
7103 4
7104 5
7105 5
7106 3
7107 2
7108 4
7109 4
7110 8
7111 2
7112 3
7113 4
7114 3
7115 2
7116 2
7117 3
7118 5
7119 3
7120 5
7121 2
7122 5
7123 2
7124 5
7125 2
7126 2
7127 8
7128 8
7129 2
7130 4
7131 5
7132 5
7133 4
7134 5
7135 5
7136 5
7137 5
7138 2
7139 4
7140 8
7141 5
7142 2
7143 3
7144 8
7145 5
7146 5
7147 5
7148 5
7149 3
7150 5
7151 5
7152 2
7153 5
7154 5
7155 8
7156 2
7157 8
7158 4
7159 4
7160 5
7161 5
7162 5
7163 4
7164 4
7165 2
7166 5
7167 4
7168 5
7169 5
7170 3
7171 5
7172 5
7173 8
7174 8
7175 5
7176 3
7177 5
7178 5
7179 5
7180 2
7181 8
7182 4
7183 5
7184 5
7185 5
7186 5
7187 5
7188 5
7189 5
7190 8
7191 3
7192 5
7193 5
7194 4
7195 5
7196 5
7197 5
7198 4
7199 8
7200 5
7201 5
7202 4
7203 5
7204 5
7205 4
7206 8
7207 4
7208 5
7209 8
7210 4
7211 8
7212 5
7213 3
7214 5
7215 5
7216 4
7217 5
7218 3
7219 8
7220 4
7221 2
7222 5
7223 4
7224 4
7225 4
7226 5
7227 3
7228 5
7229 5
7230 8
7231 5
7232 5
7233 4
7234 4
7235 4
7236 4
7237 8
7238 5
7239 5
7240 5
7241 5
7242 5
7243 4
7244 5
7245 5
7246 8
7247 5
7248 8
7249 5
7250 4
7251 3
7252 2
7253 4
7254 3
7255 2
7256 4
7257 8
7258 5
7259 3
7260 5
7261 4
7262 5
7263 8
7264 3
7265 5
7266 8
7267 5
7268 4
7269 5
7270 5
7271 8
7272 5
7273 5
7274 5
7275 5
7276 4
7277 5
7278 5
7279 5
7280 3
7281 4
7282 3
7283 5
7284 5
7285 3
7286 5
7287 3
7288 5
7289 3
7290 5
7291 3
7292 4
7293 4
7294 5
7295 3
7296 3
7297 5
7298 3
7299 3
7300 5
7301 5
7302 5
7303 2
7304 5
7305 4
7306 5
7307 3
7308 5
7309 4
7310 5
7311 3
7312 3
7313 5
7314 5
7315 3
7316 5
7317 5
7318 5
7319 3
7320 3
7321 5
7322 2
7323 3
7324 5
7325 5
7326 5
7327 4
7328 2
7329 3
7330 5
7331 5
7332 5
7333 5
7334 5
7335 3
7336 5
7337 3
7338 5
7339 5
7340 5
7341 2
7342 3
7343 5
7344 5
7345 4
7346 3
7347 4
7348 2
7349 5
7350 3
7351 5
7352 5
7353 5
7354 5
7355 5
7356 5
7357 5
7358 3
7359 3
7360 5
7361 3
7362 4
7363 5
7364 3
7365 5
7366 3
7367 3
7368 5
7369 5
7370 5
7371 5
7372 5
7373 5
7374 5
7375 3
7376 3
7377 5
7378 3
7379 3
7380 3
7381 5
7382 5
7383 4
7384 5
7385 5
7386 5
7387 5
7388 3
7389 5
7390 3
7391 5
7392 3
7393 2
7394 2
7395 5
7396 5
7397 5
7398 3
7399 3
7400 3
7401 5
7402 2
7403 3
7404 3
7405 3
7406 5
7407 5
7408 5
7409 5
7410 3
7411 5
7412 5
7413 5
7414 5
7415 2
7416 3
7417 5
7418 3
7419 3
7420 3
7421 2
7422 5
7423 5
7424 3
7425 3
7426 5
7427 3
7428 3
7429 3
7430 3
7431 5
7432 3
7433 3
7434 5
7435 3
7436 2
7437 3
7438 3
7439 3
7440 5
7441 5
7442 5
7443 5
7444 5
7445 5
7446 3
7447 5
7448 3
7449 2
7450 4
7451 2
7452 5
7453 3
7454 3
7455 3
7456 3
7457 5
7458 5
7459 5
7460 5
7461 5
7462 3
7463 5
7464 3
7465 5
7466 3
7467 3
7468 5
7469 5
7470 5
7471 2
7472 5
7473 5
7474 3
7475 5
7476 5
7477 3
7478 5
7479 5
7480 5
7481 3
7482 3
7483 5
7484 5
7485 3
7486 3
7487 5
7488 3
7489 5
7490 5
7491 3
7492 5
7493 4
7494 3
7495 5
7496 2
7497 2
7498 5
7499 5
7500 5
7501 3
7502 3
7503 3
7504 4
7505 5
7506 3
7507 3
7508 3
7509 3
7510 5
7511 5
7512 5
7513 3
7514 5
7515 4
7516 2
7517 5
7518 3
7519 5
7520 2
7521 3
7522 5
7523 2
7524 5
7525 3
7526 5
7527 5
7528 3
7529 5
7530 5
7531 3
7532 3
7533 5
7534 3
7535 5
7536 5
7537 3
7538 5
7539 5
7540 5
7541 3
7542 2
7543 3
7544 5
7545 5
7546 5
7547 3
7548 3
7549 3
7550 5
7551 3
7552 3
7553 3
7554 3
7555 5
7556 5
7557 3
7558 5
7559 5
7560 3
7561 3
7562 5
7563 2
7564 3
7565 2
7566 3
7567 3
7568 3
7569 5
7570 5
7571 5
7572 2
7573 5
7574 3
