3024 4174
126 4962
5115 3384
243 4972
4756 3061
4843 4691
4916 4041
4301 4422
3747 3794
3874 4193
5156 88
5087 3750
469 4571
5140 3019
4786 3970
4956 4492
5004 1839
1193 4695
5070 1745
4771 3341
669 4452
4609 2073
4382 3980
5128 247
147 4922
5135 3221
5020 1657
4863 3541
5169 2277
4834 4469
4151 4758
3020 4930
5062 690
4857 1449
5153 1301
4730 3983
5104 1687
5174 1019
5101 3913
4889 3768
3748 4269
5130 4968
5134 2454
4741 1267
4466 4479
5121 2996
4987 959
3581 4076
5187 866
4693 4631
4978 1652
5025 1327
4900 2743
963 4963
4550 3917
5050 1906
4949 3203
840 5105
4517 3016
5085 353
4984 2209
4725 3932
4863 2028
4967 592
5159 4010
5167 489
5132 1633
3297 3410
3997 3194
3290 4222
2621 4185
5124 560
4974 3186
4629 3475
5142 2020
5138 125
4937 3893
4662 3519
4636 3501
4948 2164
4974 2459
3982 2279
4646 3065
636 5073
4985 4343
5185 767
5136 696
4506 4062
440 4621
5141 1796
4789 4068
4929 1254
4896 4470
5184 762
305 4905
4502 3890
156 5058
4664 2777
4997 4237
5055 1902
5175 1486
361 5064
4659 3876
4470 3407
5011 2699
4901 3718
475 5101
4738 2771
4799 3896
332 5175
909 4636
4600 4491
4886 2949
5073 4419
4714 3860
4976 3139
4737 2979
4541 2257
4802 2026
5062 1103
4713 3260
4823 4129
4246 4081
5175 1879
5178 792
4355 2823
278 5124
4862 5052
4690 2178
1154 4869
4809 3573
5179 486
2881 4128
5109 2541
5140 526
4696 4615
5083 3948
5170 1607
5144 108
2475 4628
5018 1097
5109 2990
4976 2130
3306 4479
466 4947
5187 447
5152 1349
4421 1887
4646 4412
4970 4368
3245 4561
2409 4382
2842 4556
5052 2554
55 5192
5082 1060
4979 720
3520 4250
4706 3961
5025 4567
4943 2466
4674 4667
5120 999
5123 1916
5109 4388
5195 705
4941 4321
4080 3914
5177 2911
4972 871
5050 878
4246 3187
5022 1632
48 5156
4693 4885
137 4966
5032 3182
1072 4978
5043 2018
5147 3181
4471 3998
5139 4722
4912 4565
5167 177
4838 3953
4864 2137
1279 4971
5116 3429
70 5161
71 5169
5081 713
4923 4208
2729 4332
5002 4463
4977 2635
5071 4248
5153 1915
4995 1282
5127 1259
3837 4525
4277 4239
4488 4011
5187 128
1401 4633
2371 3514
4919 2027
5011 4081
4618 2528
2838 3797
5172 4940
4654 4522
5001 4416
5148 265
3955 2556
4879 3066
5072 3099
400 4827
5189 103
4906 1550
2940 3176
5138 122
3399 4151
5194 1510
5099 3806
4421 2329
3601 4474
2704 4615
4786 4484
4920 2317
4792 3619
5078 2126
4815 3605
5144 2493
5080 1033
5128 1883
5062 342
5183 1285
5055 4257
4866 2234
4534 4707
2339 4598
1122 4840
4761 1766
5160 2089
5166 2170
4947 2442
4708 4985
1186 4566
3899 4287
4862 2870
5191 1419
4237 3285
711 4954
4864 1653
5148 819
4336 4337
5084 89
5195 1735
4993 3717
3567 4388
4673 4045
4493 2634
5055 2879
4160 3679
4961 649
4768 1787
3586 4024
30 5125
5124 2964
5085 672
3827 3457
5177 2070
4200 1954
5096 1214
5169 3954
5192 637
5183 470
5071 2697
3604 4530
3366 4529
4810 691
5038 3286
4059 4230
5038 240
2343 4848
4122 3713
5195 613
4851 2214
4893 3732
2151 3573
5081 2216
5023 3946
4980 1266
5101 1405
4660 4505
2168 4651
4881 4124
4789 3391
4854 2444
4891 1823
4997 2733
5174 540
4225 4180
4592 4812
5162 2160
2597 3666
4899 2540
5053 2014
5191 600
4708 3592
4793 4606
5124 659
5012 1774
4881 2246
5165 5008
5114 1119
5075 1475
5155 4269
5158 461
497 5093
5054 1406
4719 4375
5057 1113
4700 2520
5167 789
1849 4653
5091 4102
5107 2545
5178 2344
5137 434
4555 4435
2046 4152
4798 2886
1783 4719
4947 975
316 5131
4958 1053
4494 3444
4095 4497
4662 4334
4967 1650
1812 4484
226 5029
4251 4288
4116 4278
5035 1036
4137 4115
3614 4473
3723 4162
742 4917
3977 3853
5129 398
4911 3801
954 4892
5052 1414
4086 4670
5166 1173
4702 4336
4288 4196
5194 3872
5069 4210
4356 2677
5093 2456
4926 4925
5118 4888
5182 654
5015 2435
3623 4368
5087 1430
4906 4318
5056 2499
5182 2015
5133 2914
5094 4055
5125 948
4881 1491
5003 1761
4341 4252
4917 3703
1784 4348
4592 2356
5144 3180
3558 4369
5136 232
4998 1952
4884 4351
4945 2786
4963 2682
4851 2250
5163 2437
5091 3388
4730 3218
3317 4099
5004 1719
1611 4767
1985 4874
4908 3569
4578 3601
5177 537
5150 205
5165 2226
4941 4690
5021 3161
4744 4776
3350 3996
4752 1730
5186 141
3626 4049
2779 4409
679 4949
648 4554
3092 3340
4644 3038
793 4660
5126 2090
5077 706
5041 520
4999 351
5013 778
5067 2202
3263 4179
4509 3986
5088 4411
4627 4204
4739 3246
4689 4519
5005 2739
1949 4487
4562 3728
4639 4420
5194 2414
382 4843
5129 4803
4668 3546
4998 997
4782 3129
5051 263
5161 689
4900 1318
4940 2690
5033 4951
5195 591
2567 3936
4952 2477
5110 686
5026 2308
1496 4783
4835 2880
3392 4815
5016 2249
701 4581
4479 3563
5134 3152
5160 487
5190 584
5159 2082
5090 779
4983 736
4841 2139
4860 2600
3203 3660
788 4879
688 5009
4807 2770
5155 1207
5176 2078
5089 1862
5179 699
5110 3073
5093 826
5071 1519
5089 2197
4835 3006
4972 3585
5030 320
1043 4829
5172 2149
978 5171
5068 1716
5044 769
3993 4518
5150 2186
1099 4489
5055 3113
1459 4731
4402 5031
5114 1647
3695 4186
4701 4496
225 5038
5117 1265
4502 3358
5102 3538
5070 2614
5175 1537
5160 472
5056 2676
5095 3551
4975 2307
5045 3303
4450 2644
4834 1483
4860 4346
4651 4704
4200 4716
5098 568
4425 3364
4606 3882
5024 4423
4873 3515
4591 4726
1078 4933
5065 2714
5099 1288
105 5165
4529 3868
3071 3940
4663 4126
158 5149
3214 3665
5186 1249
4897 638
5104 555
4823 4778
5183 2433
1095 4863
5088 513
5159 2313
5068 1283
5027 3467
79 5006
3547 3711
5040 3521
5162 1196
4533 3656
4722 4020
5067 4485
4946 3720
3633 3185
5071 2001
5145 2583
5131 760
1056 4794
331 5013
5166 477
5100 958
3046 4189
2503 4434
2986 4535
4596 4093
1801 4723
4383 4315
4159 3909
5185 2449
4804 2593
4633 2750
5071 729
5006 135
1074 5052
5178 1709
5100 495
5075 2662
5087 2144
1731 4541
4850 4734
41 5176
5129 1712
4742 1485
4554 3915
4895 1721
4868 2702
4973 1989
4516 4039
4872 1530
5172 3071
2140 4749
4372 4464
4847 2547
5165 2883
4458 1688
2923 4622
1244 4923
4716 3758
4842 4482
5123 3209
138 5137
4619 4611
3360 3684
5192 3689
4550 4378
3433 3856
4402 4604
4972 2566
4983 4545
5148 598
5105 2306
4825 2838
4873 3035
4834 2103
5117 1713
5065 1597
1938 4792
5166 1568
4478 2321
4654 3004
1492 4760
4850 3787
4975 2939
4596 4259
459 4762
5144 1445
306 4914
3682 4220
485 5098
5194 1817
5028 423
5195 1165
1541 4780
3487 4198
4990 4776
5046 574
4730 1945
348 5120
5155 65
2558 3912
5090 3918
4639 2255
4999 1543
4317 2162
5090 519
162 5014
2892 4097
5154 1872
5127 2907
346 5018
5177 69
5136 1763
5185 3766
4328 4468
5167 2235
5071 1606
5080 2726
4759 1720
4576 2844
5028 1571
5063 4404
5044 2087
5107 2535
900 4921
5178 2679
2935 4114
956 4578
4620 3516
5148 534
5077 500
4922 1217
5023 4336
5160 803
5090 1939
5074 1831
3770 3858
5163 3204
5184 544
5129 1683
5171 1644
4995 4332
2931 4531
5119 1010
4983 1722
5089 2664
5153 4445
5192 839
3936 4456
5159 1727
4724 4292
196 5108
4865 3625
5072 3381
802 4814
4813 4579
5085 2003
5121 3225
5092 3878
4104 4155
4979 1822
5117 3365
4759 4912
5099 1052
5189 312
5013 773
4965 1884
5082 3428
5126 180
5080 3508
5195 552
5140 4553
5066 1180
5163 919
5146 3618
4729 2450
5187 2478
5080 3554
1700 4721
2368 4771
4987 2947
2119 4784
4310 4659
5072 2252
5145 515
4970 2484
4950 2895
5064 1706
5073 2602
4896 253
5077 3912
3324 4225
5043 1087
5064 2817
5126 242
5004 3382
4846 1818
5063 2793
4298 3103
4757 1221
5147 2122
4690 3518
5065 1094
5044 694
5152 2041
5154 4724
5120 1416
3349 4522
5191 1629
4719 2791
5046 810
4972 2011
4941 952
4865 3577
5096 3775
4787 4217
5089 2467
2257 4824
4857 3385
2891 4552
343 4940
5153 899
4866 3805
5156 1124
4970 1749
5179 965
4992 955
4952 2583
4946 417
841 4181
5169 3090
4181 4593
5117 3061
5127 2901
5181 867
5105 2984
5146 3572
4910 2683
97 5034
4658 3650
5092 2827
281 5008
4834 2636
5162 2628
5009 1012
5039 893
5089 3178
5151 1542
4810 1073
4595 4130
5141 2227
4844 3678
4768 2032
4777 4839
4919 4395
5051 1635
5178 4136
5137 358
5169 2570
5178 1215
3211 3474
2594 4253
4356 4453
4918 4280
5101 3606
5050 4664
5008 4869
5172 386
4449 4190
50 5194
5166 264
5077 1875
655 4973
5177 235
5135 1417
5152 319
4449 3495
5188 4146
4733 4975
5145 4589
5130 1867
4850 3491
4684 2766
5154 3436
5152 1566
4394 3156
4806 2320
3055 3171
5125 1076
1439 4629
5130 325
5134 2143
4938 2584
4957 4772
4329 2730
5050 1707
5192 4727
1966 4724
5088 2674
4452 4728
5001 3492
5185 718
2754 3378
5129 814
1252 4471
3844 4180
4588 1686
5064 2401
5119 2716
5093 859
4342 4417
4827 4572
493 5067
5172 498
4140 3485
5156 1229
4806 4083
5180 2700
4955 389
3819 4540
4850 2828
5087 3578
5077 4853
4980 2376
5133 4645
5110 1937
5049 1677
4702 1574
5133 2557
4936 1317
5187 2983
4967 2460
193 4999
3746 3893
4937 1376
663 5037
4645 4989
5172 203
5186 443
5101 617
5176 446
1580 4745
4867 2631
5127 1253
2437 3939
4904 3047
4364 3965
4855 2716
5170 2818
5190 1814
4452 4508
4449 4094
5086 3739
4790 2282
5178 944
4846 3044
5177 3849
4433 3621
4724 2807
5048 587
946 4688
5083 2405
5190 1786
3459 4095
5008 886
4943 1107
4783 3773
5166 545
2134 4494
4790 2774
2978 4120
1238 3869
4301 4512
4084 4234
5095 787
45 5154
4765 4054
5107 1870
4914 2135
349 4955
5163 4380
4360 4657
4963 1684
4870 2578
5103 1032
4978 4046
4895 4539
2955 4426
2411 3191
5036 322
5053 1846
5140 529
2298 4263
4101 4227
5173 577
5080 2936
5164 1868
2581 3818
4894 4033
4919 2177
4826 4587
5021 3795
5085 2916
4823 4928
5159 2660
4862 3681
5173 721
5059 2205
2925 3683
4917 4427
4738 1744
1258 4665
4938 1979
5131 5000
5120 2976
5145 811
2613 4657
5070 3457
5162 1024
5023 2171
4876 248
4927 1302
4946 3949
4990 2651
5052 3408
4633 4005
4918 454
4587 3318
4967 476
5047 4499
4298 1886
1832 4596
2167 4274
4927 3707
4899 1156
5068 3785
5136 1127
5078 1854
4488 3526
5164 208
5118 3923
4849 4407
5085 2572
5155 455
4992 3031
5092 2047
5100 3418
5074 2538
5169 1063
558 4961
5055 2816
5049 2476
2504 4645
1061 4682
4994 154
113 5069
5142 1333
1008 5043
5194 1668
3105 4096
5162 1374
4686 2917
4945 4279
4406 4633
4711 3084
4898 1233
4842 960
2025 4720
4835 4173
5014 2973
5053 1219
4834 3295
604 5147
5195 2378
1588 4329
4947 783
5070 452
4919 2125
5181 3329
5155 2380
1452 4873
4738 4610
4961 1595
4973 1905
5174 796
3887 4642
5048 1670
843 4932
5168 106
5172 3634
1740 4788
4173 4495
5173 758
3848 4544
4880 1250
4875 3808
5002 3283
5058 313
5114 4291
1881 4853
4481 4687
5128 1575
5058 1792
4463 2829
337 4980
5117 1415
5185 1912
5093 2717
5003 854
4676 2363
5078 2997
4739 1535
4984 4583
4629 2727
4987 3811
5190 3617
5055 1187
5186 39
4461 3062
5170 3033
1527 4747
5113 902
4554 4658
4709 4659
5027 3757
5021 1665
1109 4786
5002 2910
3967 4438
5172 809
3239 3751
2035 4851
5041 1166
4737 3439
640 4919
4877 2598
5032 667
4849 4149
5140 1497
5072 748
5083 2423
1329 4727
5071 1641
4745 2280
4632 4417
5049 4092
5192 2453
757 5005
4975 2832
5194 1557
1251 4741
4757 3381
4985 2797
5085 1211
522 4960
5133 1703
5078 1903
4804 4261
4824 4118
1514 4493
2338 4683
982 4671
4628 3530
4950 2928
87 5103
4958 2909
1876 4264
5182 394
5188 1201
4872 1711
5174 524
849 4676
2128 4297
5088 3413
2754 4480
4953 2571
4968 1199
4697 2867
5110 1423
4948 4365
4701 3141
5153 1152
4897 3630
4291 2546
5042 3362
3709 4378
5011 302
5172 580
5125 3189
1089 4858
4911 3587
4960 2364
3041 4805
4120 3332
5132 2605
1228 4753
5170 4344
5058 315
5072 907
4961 3755
4999 673
4927 2410
5072 2587
4030 3096
4789 3346
32 5164
4824 3310
4622 4616
5145 2848
4715 4350
5034 3158
5008 3373
2231 4908
4572 2713
5164 227
5190 286
4983 647
5179 930
2989 4119
5093 2471
5033 1346
4646 855
5132 1850
5132 3724
5154 4523
1269 4809
5014 631
3755 4533
5167 4393
4817 2993
3408 3168
5002 4135
5126 903
133 5139
4710 4014
1142 4507
4520 4638
5178 2196
4578 3738
215 4769
5190 329
4852 2623
4791 3993
4995 3093
4585 4652
5079 4515
5176 4424
4693 1304
3391 3734
4668 3605
210 5062
5189 1177
5106 2667
14 5109
5123 1341
4899 1874
4629 4268
4721 4595
5158 64
1771 4748
4844 2508
4905 3954
4790 1547
4166 4592
4868 2403
5161 172
5113 199
5157 4516
5176 418
5174 4212
4697 1148
4833 3597
4701 1006
3000 4456
4965 1321
5150 1271
4765 3427
4861 4603
4259 3045
5129 300
5175 3628
5047 1691
3200 3443
5032 1659
5083 129
5062 1992
5028 1424
5163 3337
4949 4326
5046 723
2885 4215
5122 2230
5161 448
1373 4925
5103 565
5099 2747
5095 3121
4952 483
5181 3017
1922 4391
76 5015
5065 2203
5193 3247
4829 2673
4994 1357
5098 1934
4736 2109
1016 4902
4766 2765
5125 4467
3235 4059
5163 3311
4951 1330
62 5182
4730 4648
4789 3669
607 4891
5143 1388
5121 1527
4866 1583
4956 869
5032 2457
3816 4428
2670 4453
5000 936
541 4759
402 4938
4980 2722
3110 4649
5177 4156
5177 4573
4922 4364
5068 2075
5177 3952
5007 913
4738 3007
3080 4608
5018 547
5151 3955
5192 438
3839 4158
5122 474
4771 4012
3642 4251
5158 973
4987 1404
4489 2943
204 5051
4750 2426
4355 2632
237 4920
4299 4537
4744 2728
2261 4511
2887 3910
4740 4641
1411 4439
2649 4255
983 4836
245 4538
4402 3233
5009 2908
569 4912
5088 1927
283 5033
4978 3676
3447 3705
5148 4428
4840 3118
4221 1971
4892 1023
4692 2193
4955 3344
5051 4338
5045 2036
4737 1654
4958 1724
4449 1729
4405 3765
4663 4192
676 4828
4825 3476
4756 1362
4978 2104
5136 967
4857 832
5169 3212
5161 366
4984 3393
5112 4656
114 5083
5107 2617
5160 2483
4739 2446
4864 3719
5168 121
4948 750
5169 3137
754 4663
5154 2432
5082 994
4829 4484
4617 3427
3601 4560
4781 1803
5132 4174
4888 3330
5126 36
5133 624
4811 2303
4837 3838
5062 937
5110 1210
4846 991
3564 3803
4874 3798
969 4743
4924 2101
5001 3613
5124 872
5017 1747
5143 820
2646 3723
2172 3650
4761 992
2994 3887
4937 3715
3416 4235
5173 4762
363 4458
5019 634
4889 3119
5150 557
3426 4594
4828 4302
4099 3748
4820 1146
5116 985
4901 2434
5079 2495
4817 4218
3982 3752
5050 3846
4704 3157
4291 3404
5188 816
5099 1620
5177 115
759 5025
5006 1983
4732 2941
5160 3648
4938 1507
4940 1468
3910 4260
4758 4205
5184 989
4955 4064
68 5146
4998 593
4790 2455
5181 1828
2408 3477
4998 1387
5029 1015
5166 751
4897 3894
4962 2375
4908 2387
3363 4641
367 4941
5183 260
5053 2044
1506 3456
5115 4863
2118 4563
4241 3544
3584 3651
5167 1667
5157 3663
4957 3760
5167 467
4878 2429
2480 4619
5037 4340
5167 1098
3335 4000
5089 3124
3051 4241
5156 1463
4997 3653
4753 4514
4973 1648
5066 2192
4646 2565
4752 3121
4817 3367
4528 3677
4849 3297
4894 2569
5074 2873
5019 927
5041 4075
5147 1898
5146 4455
5035 2173
5073 1570
4777 1540
4884 3277
4409 4363
4984 1397
609 4646
5144 4735
5003 1247
5154 962
4839 2267
4866 2744
2715 4466
5118 1048
5187 507
2187 4469
4915 3517
5002 1963
5084 124
5194 1639
5113 2085
5075 1636
4221 4714
5074 4296
5185 491
5069 3409
4996 3509
5013 934
5096 2052
5139 4294
5044 2110
4882 2023
5108 2672
3337 4623
5149 3482
5109 187
5022 743
4923 1319
5071 3031
5146 4576
5057 887
357 5112
5187 782
5167 678
5092 1017
5070 4153
5145 2354
4249 3911
4811 3559
244 4887
2815 4093
4963 1144
4387 4295
4479 3979
4915 2486
5153 870
5194 987
1618 4517
5088 1800
4935 2724
4879 2346
5027 2176
5138 3727
5176 1378
4894 1091
595 5188
163 5041
4769 4202
5096 2542
5067 1634
4483 4048
5076 3502
4549 4713
5097 1592
4871 1702
5182 1426
5146 1050
4988 1159
5043 1432
5095 1478
5101 837
1704 4565
4552 4642
2643 3347
4878 2804
4935 3343
1967 4945
5132 1642
4868 4271
5141 171
5169 4431
4173 3934
4995 2920
4918 1516
2024 4408
5048 1917
5154 2304
4609 4112
5112 594
4949 1314
4873 3345
2198 4289
5028 933
5121 1130
4993 801
4159 1835
5091 784
4943 3784
4744 2269
4203 2622
5176 2322
4966 419
4663 3356
5124 1972
4556 4070
2500 3827
4731 3110
4236 2734
4881 662
4913 2977
5114 3731
3684 3579
5014 3545
5030 3923
4945 3425
3838 4164
4502 2519
152 5088
4814 1781
4694 4344
4787 2206
3944 3549
1128 5027
4784 2634
5085 765
4961 2875
5182 865
5174 836
4719 3845
4870 2055
5071 1393
4949 4771
4171 4416
3554 4067
4481 2772
370 4817
4883 2930
3996 4772
4894 2238
5010 1484
5143 3241
4915 4981
4682 3904
5166 817
5054 1136
5033 4077
2215 4754
5060 254
1450 4730
1232 4356
5057 3026
4771 3671
4065 3950
4348 4512
4896 1435
5121 1741
5129 3966
5151 1508
5057 1216
5175 1361
4874 4400
4990 2424
4737 2530
4932 3067
5011 1604
3068 4384
5174 561
4571 4095
5096 1356
4059 4276
4517 2291
5157 1645
5007 885
4892 4925
5090 3792
5058 932
5055 4859
3183 4528
3412 4533
233 5021
5040 3945
5161 257
4739 2709
4943 1837
5156 509
4945 3048
5065 1494
4544 4294
403 5004
3268 4516
4988 3708
5135 4806
4795 1933
5110 1810
5000 2479
4897 5188
4683 2795
5188 1466
2042 4336
4867 2951
3057 4153
5169 1615
4999 3353
5003 3301
5030 216
214 5133
5183 818
5003 1748
4440 3706
4836 2458
2218 4592
4502 4487
3740 4582
567 4789
4421 3127
1220 4856
5106 1929
4507 2675
5101 2860
4699 3892
5183 970
5154 4037
4749 2517
4949 2757
4522 3460
5176 151
4809 4893
5192 98
4835 4536
4929 2161
5191 1367
731 4950
4318 3115
5177 364
922 4534
4542 4091
4956 1685
4985 2685
4993 2221
4786 2792
5021 2741
4520 1552
3326 4681
4755 4206
5029 1520
3922 4510
5010 2719
5188 1660
5181 2533
5158 3833
4877 1856
829 4555
2141 4732
4936 3486
5144 1137
5100 1643
4957 2275
5184 645
5122 393
4629 1861
4922 1290
2564 3408
3867 4407
4087 3881
344 4976
4933 2316
5151 4133
714 4325
5090 1143
1877 4564
5103 1262
4655 1083
1736 4483
1386 4808
5156 397
427 4995
2155 4708
5140 43
4300 3805
5034 3106
5105 4426
5176 3648
5100 550
616 5053
4812 3632
5190 1488
170 5081
2718 3724
4639 3534
5195 1149
5034 2430
2452 3516
4712 3403
5035 928
5190 444
4839 4207
4797 4521
3452 4416
2265 4247
5175 1037
5075 3466
5060 4991
3579 4562
4780 3011
4362 4257
5129 3220
5160 1544
4207 4353
5171 1316
5107 1845
4952 791
5071 1969
4886 3169
5133 2881
4709 2966
2441 4597
3665 4557
5174 2529
5185 4418
5119 2181
4959 1680
5090 1791
5079 3678
5175 2022
4670 4172
4956 388
4087 3735
4208 4106
5089 1126
4439 4466
5134 3710
5105 1765
18 5102
1936 4855
5128 255
5099 3229
5193 2293
5165 1476
1585 4661
4976 1973
5146 1909
5176 2069
4823 3266
5115 3957
4976 2824
5100 1353
5116 2943
4802 1901
5131 780
5055 1624
4677 3544
3381 4170
5179 4438
5069 3130
2506 4137
3312 4500
4713 3289
5018 4594
1328 4672
3942 4111
5083 296
4791 2379
4973 3889
2225 4575
4729 3470
4728 3533
4911 1158
4724 4335
5189 7
4800 3868
184 5150
4274 4392
4849 3188
5085 1155
5076 879
4921 2328
5093 619
4833 3995
5129 2002
4678 4322
556 4982
4927 2355
4934 2801
5127 1658
5151 1958
2419 4084
5094 275
5043 1205
5192 1944
4685 4192
3835 3836
148 5046
5115 1950
4974 2534
5171 1021
1342 4706
4852 2552
925 4502
5130 3964
5129 1501
5189 1045
4988 1284
5194 2057
324 5070
5186 4123
5005 1280
5172 471
2767 3875
5166 943
5071 3375
5081 3394
4811 1820
5178 697
4008 4631
774 5074
5054 2612
4945 2297
3749 4420
2608 3002
4812 3898
4771 2665
5071 4113
4744 3091
5099 2916
4860 3387
2146 4349
5049 1681
5047 1298
5179 858
1054 4655
947 4825
2106 4569
5036 4534
2369 4293
4993 3086
4832 3368
5159 2961
5191 2212
4897 3109
5175 3096
2093 4668
5146 4722
4989 3056
4638 1197
4467 3593
5055 2992
5167 4003
4355 4473
4896 3884
4755 3697
5048 153
5009 4179
4831 3251
5164 321
5132 1869
5103 293
4879 4898
5066 303
5142 755
2210 4237
84 4781
4975 3131
2696 4492
5037 1190
5157 3869
4909 1732
4990 2525
4910 1988
4405 3487
4646 1764
2211 4826
1104 4638
5153 664
4547 2809
4434 3179
4621 2071
4722 3586
5152 2439
4450 2274
4240 4139
5019 1526
4941 4879
4762 3280
1756 3903
2009 3428
3897 4020
5148 1131
4977 4144
1440 4446
4515 4475
5142 439
5153 1848
5155 3480
4590 2117
224 4876
830 4868
2645 4034
92 5144
4866 3271
5170 2063
458 4690
1807 4583
4864 2737
174 4943
450 5184
5074 1560
4774 3021
1693 4553
3926 4138
5082 1020
4458 3771
53 5141
4785 4018
5067 2764
4602 2763
4899 1798
5003 284
1621 4654
5118 2543
5124 2341
5037 2736
4543 3437
3132 4433
5154 73
5073 1382
4688 1223
5148 915
5089 1206
4991 436
4941 1718
1646 4737
3883 4779
1208 4790
4934 4022
626 4543
4991 1567
4697 3943
2751 4071
5024 2760
4824 2443
4682 3465
5150 241
5175 2633
4757 2811
4899 4218
5145 894
5067 2217
4996 3778
5058 1899
4959 3140
3873 4256
4735 3281
4771 3687
3616 4431
4754 4524
3200 4367
5192 3172
3208 3959
4303 4028
4971 2514
441 5078
1110 4588
110 5104
5176 1487
347 5010
1399 3982
2310 4160
4938 1296
209 4991
5059 3331
4683 4245
3097 4275
5145 4887
5159 642
2284 4845
5099 4053
1578 4503
2537 4303
249 4956
5176 1245
5136 1809
4924 2759
4952 1261
4757 3003
3371 3879
2981 3506
5134 200
525 4542
4534 1998
5067 3133
1278 4610
2946 3183
5154 795
1596 4935
4905 3370
5166 4738
4624 4928
5152 533
5083 1457
5120 2463
5030 336
5100 941
5177 1409
4748 2415
2998 3981
5051 482
5085 1343
4312 4127
5190 1842
5143 2568
4554 4042
5181 1182
4961 804
354 4998
4639 2360
5075 2312
4517 2626
5169 1117
4434 2906
1880 4166
2129 3828
4899 1335
4933 1495
4940 4358
4625 3902
5014 4053
3396 4703
4484 4006
5183 33
1489 4570
4997 2309
5181 3454
4341 3769
4960 2074
5070 360
4986 3759
4986 4116
5016 1808
3963 4674
5123 733
4744 2465
5088 4681
4578 4126
4789 3756
5001 3847
3952 4586
4632 3944
5007 4145
5065 4863
5093 2285
4876 435
5052 1882
4872 508
5068 1970
5150 261
4934 2229
4644 4323
1309 4791
5107 1257
4852 4548
5023 685
4784 2301
3733 4410
4456 3414
951 4711
1040 4692
5070 1065
4296 2862
5163 1986
5168 5152
4985 3831
4575 3267
5094 3256
4705 3462
3954 2894
4850 1303
5155 2031
1462 4281
5008 1200
4738 2518
4941 4434
4945 3028
4341 4764
5186 496
1062 4550
4633 4631
5148 2342
5183 291
5166 4013
5058 2932
4494 3259
3991 4242
5167 2524
268 5130
3345 4165
5191 4372
4996 2451
3040 4625
378 4768
4949 3815
5191 833
5158 1723
4980 4882
5161 1308
4885 1320
5184 1455
4632 2348
2067 4491
5190 1955
5082 1391
3779 4821
4324 4802
3327 4606
5031 3636
5063 3122
2787 4568
4909 1230
4836 4148
5121 501
5117 5091
5089 2532
5161 874
5043 4317
4941 1532
212 5036
1573 4716
2007 4860
4948 4243
4421 4162
4991 379
4903 3714
5022 2281
4679 3544
5015 4028
4960 2484
5070 601
12 5190
4478 1339
3928 4751
5137 4397
4916 554
4559 3586
5151 1762
4493 1616
384 4820
5113 1561
4837 3494
5110 1171
917 4831
5042 4743
4525 4127
4803 3477
31 4880
5006 916
5175 2157
5073 3262
5033 4486
4916 3279
5138 719
4571 3842
5156 4860
4620 4492
4941 2630
5132 4052
5083 375
4954 1981
4761 708
274 4937
1458 4285
4329 4274
323 5106
4166 2841
4285 3864
5095 1773
1529 4750
1539 4065
5159 3772
4434 4177
5063 310
5113 3761
4966 1081
5047 4058
4554 1878
173 4803
5100 904
4737 3752
5171 2527
3621 4216
5104 391
5133 1240
420 4838
279 4936
4624 4306
488 5110
5108 1860
5032 4785
2436 4778
4897 1121
3539 4163
3398 3863
4745 2179
5194 1243
4925 2616
5159 2335
5056 3975
5172 1174
223 5136
4732 2523
5158 1351
4538 3172
4354 4386
5152 692
4684 2610
4881 2244
5010 1407
5027 2019
5160 1638
2896 4393
5090 2013
4980 1179
3250 3741
5036 3319
5189 3107
4823 4721
1270 4644
4947 2286
4970 3111
2099 4852
5030 1070
4921 1085
3239 4635
5115 1742
4834 2111
5161 1132
4597 2488
4542 1977
5085 282
4859 4476
5157 383
5035 1431
4599 2413
5185 269
4979 1184
5060 4793
4600 3254
5104 422
4877 3497
4695 3197
4977 2397
5106 1980
80 5138
539 5057
4901 4009
5119 2271
5096 1790
4938 2812
4906 2711
5193 2576
5179 586
5194 272
4721 4255
5156 449
4446 4100
4702 3807
424 4774
4741 3101
2152 4684
5135 1548
250 4757
3215 3547
3680 4283
4870 3990
5072 1368
4655 3274
5143 608
4831 1203
2625 3997
5152 159
3191 2666
4434 2620
5113 3506
650 4617
5042 2890
2756 4361
4393 2938
5122 2678
5046 3441
4903 3859
5131 2051
5135 3400
4799 1453
1890 4924
5017 3825
5110 1928
4319 2602
4939 2456
5006 790
5155 785
4866 3369
5166 2738
5073 3608
3537 4299
5147 974
5095 4421
4811 2383
4786 2180
5157 3012
4989 3333
4567 4584
5077 4405
5052 1908
4768 4191
4859 3513
4906 945
5176 145
4672 4057
5191 1047
4958 3992
102 5115
3226 3336
3514 3241
5023 307
3284 4429
5090 1350
5122 3092
2604 3608
4708 2708
5171 2590
5157 3716
5009 2864
4765 3123
4437 4374
5166 2182
5050 3292
4563 2505
4563 3581
5065 3150
5064 683
5053 1663
4663 996
3484 4546
882 4777
1603 4447
3747 4260
4528 3507
5142 1185
4613 2302
4924 3018
4891 1914
4976 2889
4971 2114
4966 3192
1276 4694
4459 3402
5006 1780
5161 3112
5025 3278
4926 3167
5194 1622
1385 4866
4951 2448
4391 2370
5195 589
4676 1811
4998 2924
4310 4084
3479 4311
5108 1894
5121 490
4979 2194
9 5177
5099 2391
4800 2086
5185 2888
4856 4459
4926 4025
3954 4969
5034 1941
5135 1428
1671 4839
5156 797
4802 2385
4962 4178
4878 3339
49 5193
4548 4530
4574 4410
